cargo_ship 0.9988 1213 533 1245 566
cargo_ship 0.1633 0 509 13 533
cargo_ship 0.0126 0 484 10 531
cargo_ship 0.0031 1262 553 1297 569
cargo_ship 0.0031 1912 544 1920 578
cargo_ship 0.0027 1208 539 1234 569
cargo_ship 0.0024 0 517 11 537
cargo_ship 0.0015 0 437 17 545
special_ship 0.0473 1653 946 1920 1080
special_ship 0.0038 1674 827 1915 1080
special_ship 0.0014 1497 990 1897 1080
special_ship 0.0013 1185 1048 1735 1080
special_ship 0.0012 0 938 18 1080
special_ship 0.0011 1361 1045 1920 1080
boat 0.0077 1676 1056 1900 1080
boat 0.0010 1761 1063 1816 1079
