passenger_ship 0.9705 1187 307 1587 608
passenger_ship 0.9636 1098 469 1188 533
passenger_ship 0.1633 1225 237 1494 551
passenger_ship 0.0164 756 265 1920 638
passenger_ship 0.0114 1059 400 1205 599
passenger_ship 0.0077 1128 474 1187 555
passenger_ship 0.0055 1080 459 1261 538
passenger_ship 0.0054 1128 433 1190 530
passenger_ship 0.0033 1056 473 1203 554
passenger_ship 0.0031 1893 436 1920 549
special_ship 0.0021 1667 493 1767 545
boat 0.9880 994 528 1063 553
boat 0.4256 947 530 1002 552
boat 0.0058 959 525 1018 550
boat 0.0045 679 537 743 579
boat 0.0026 2 547 71 605
boat 0.0012 0 539 30 609
