passenger_ship 0.9746 1199 345 1510 575
passenger_ship 0.9640 1132 468 1200 531
passenger_ship 0.1111 1115 447 1212 543
passenger_ship 0.0649 1242 261 1463 530
passenger_ship 0.0096 1228 363 1475 480
passenger_ship 0.0033 1303 395 1426 546
passenger_ship 0.0030 1295 348 1421 490
passenger_ship 0.0029 1103 395 1240 603
passenger_ship 0.0028 560 287 1920 626
passenger_ship 0.0012 1263 361 1384 525
cargo_ship 0.0140 6 106 145 412
cargo_ship 0.0011 8 34 214 370
boat 0.3191 1038 521 1094 544
boat 0.1029 998 518 1047 542
boat 0.0081 1008 519 1075 542
boat 0.0051 0 914 485 1079
boat 0.0028 7 825 303 1080
boat 0.0011 0 813 681 1079
boat 0.0010 7 1042 516 1080
