cargo_ship 0.9957 1546 502 1643 609
cargo_ship 0.9921 1114 497 1245 591
cargo_ship 0.0561 1100 460 1254 638
cargo_ship 0.0239 3 423 214 526
cargo_ship 0.0166 1539 456 1668 648
cargo_ship 0.0152 1573 480 1624 593
cargo_ship 0.0012 535 504 638 560
boat 0.9965 1287 581 1326 598
boat 0.9884 1406 583 1459 608
boat 0.2010 1582 592 1649 613
boat 0.0090 1385 580 1477 612
boat 0.0019 0 491 23 518
buoy 0.9879 1314 581 1334 607
buoy 0.9701 1431 589 1453 614
buoy 0.0077 1421 579 1466 620
buoy 0.0059 1292 584 1331 603
buoy 0.0020 1398 582 1497 612
buoy 0.0016 1308 568 1344 613
