cargo_ship 0.9977 1512 495 1632 614
cargo_ship 0.9902 1047 493 1186 591
cargo_ship 0.5441 0 385 128 520
cargo_ship 0.1467 1524 493 1585 605
cargo_ship 0.0064 214 495 279 540
cargo_ship 0.0029 1519 461 1665 642
cargo_ship 0.0028 6 429 123 502
boat 0.9966 1232 580 1278 599
boat 0.9800 1405 586 1456 616
boat 0.0657 1399 579 1460 606
boat 0.0104 1898 585 1918 613
boat 0.0057 1224 571 1290 606
boat 0.0042 1423 594 1459 620
boat 0.0029 1559 598 1629 619
boat 0.0020 1902 572 1919 607
buoy 0.9572 1261 581 1284 610
buoy 0.8550 1421 592 1447 623
buoy 0.0070 1412 584 1453 631
buoy 0.0031 1394 588 1434 612
buoy 0.0028 1239 573 1290 617
buoy 0.0015 1907 595 1920 631
