cargo_ship 0.9984 1010 517 1181 557
cargo_ship 0.9943 290 404 412 558
cargo_ship 0.9812 561 479 653 560
cargo_ship 0.0728 1 519 68 565
cargo_ship 0.0062 1912 507 1920 558
cargo_ship 0.0041 532 417 671 630
cargo_ship 0.0027 1913 531 1920 560
cargo_ship 0.0021 514 465 691 557
cargo_ship 0.0021 0 501 32 567
cargo_ship 0.0019 1912 470 1920 543
cargo_ship 0.0019 1903 439 1920 572
cargo_ship 0.0013 339 400 433 556
cargo_ship 0.0013 0 509 21 559
cargo_ship 0.0011 574 501 640 540
cargo_ship 0.0011 0 495 12 544
boat 0.9954 1240 504 1290 560
