cargo_ship 0.9995 1476 442 1518 468
cargo_ship 0.9994 1818 438 1864 468
cargo_ship 0.9993 505 450 546 472
cargo_ship 0.9991 1393 455 1445 469
cargo_ship 0.9989 659 449 708 471
cargo_ship 0.9986 215 424 401 470
cargo_ship 0.9984 750 437 800 470
cargo_ship 0.9978 705 449 737 470
cargo_ship 0.9961 180 443 220 471
cargo_ship 0.9924 10 432 111 470
cargo_ship 0.9906 961 375 1395 473
cargo_ship 0.9641 595 452 621 471
cargo_ship 0.7589 18 447 87 472
cargo_ship 0.3735 0 414 76 470
cargo_ship 0.0758 4 450 62 472
cargo_ship 0.0666 29 416 134 471
cargo_ship 0.0241 1 437 29 472
cargo_ship 0.0146 1913 437 1920 469
cargo_ship 0.0129 26 443 134 475
cargo_ship 0.0077 0 418 18 462
cargo_ship 0.0058 1794 434 1882 470
cargo_ship 0.0056 502 444 557 478
cargo_ship 0.0040 1913 409 1919 468
cargo_ship 0.0034 0 411 12 446
cargo_ship 0.0020 639 447 730 474
cargo_ship 0.0014 0 408 30 470
cargo_ship 0.0011 1103 364 1247 475
cargo_ship 0.0011 936 246 1438 553
cargo_ship 0.0010 1452 438 1549 472
cargo_ship 0.0010 1013 332 1336 500
boat 0.9997 1666 468 1766 517
boat 0.9531 1477 457 1496 469
boat 0.8677 3 455 33 472
boat 0.0079 1677 478 1753 507
boat 0.0024 65 453 100 473
