cargo_ship 0.9884 520 209 1003 357
cargo_ship 0.9837 2 156 75 406
cargo_ship 0.8196 1811 48 1919 357
cargo_ship 0.0421 12 244 68 387
cargo_ship 0.0139 1 96 109 369
cargo_ship 0.0102 1829 169 1919 386
cargo_ship 0.0059 0 44 60 310
cargo_ship 0.0055 463 152 1037 421
cargo_ship 0.0052 1799 26 1915 227
cargo_ship 0.0032 1806 282 1920 376
cargo_ship 0.0023 0 240 129 323
cargo_ship 0.0014 1 263 60 450
cargo_ship 0.0011 0 306 58 402
cargo_ship 0.0010 1774 175 1920 280
special_ship 0.0071 0 954 236 1072
special_ship 0.0016 3 938 141 1080
special_ship 0.0013 0 968 21 1080
boat 0.9939 1264 341 1587 433
boat 0.0040 1345 335 1490 441
boat 0.0027 1279 303 1558 473
