cargo_ship 0.9981 351 500 410 529
cargo_ship 0.9978 100 436 293 527
cargo_ship 0.9959 394 442 740 561
cargo_ship 0.9896 1148 436 1529 620
cargo_ship 0.9607 1617 528 1710 617
cargo_ship 0.8912 1607 582 1827 624
cargo_ship 0.0157 1616 542 1799 622
cargo_ship 0.0045 1578 521 1745 607
cargo_ship 0.0044 472 437 636 560
cargo_ship 0.0042 1153 527 1549 622
cargo_ship 0.0030 1416 224 1515 335
cargo_ship 0.0030 1913 523 1919 595
cargo_ship 0.0030 1612 557 1684 616
cargo_ship 0.0024 1584 472 1733 682
cargo_ship 0.0022 77 388 284 554
cargo_ship 0.0018 1633 562 1760 641
cargo_ship 0.0016 1904 467 1919 625
cargo_ship 0.0015 1649 555 1721 620
cargo_ship 0.0014 1913 566 1920 608
cargo_ship 0.0012 1578 577 1722 619
cargo_ship 0.0012 1635 507 1699 595
cargo_ship 0.0010 1702 580 1870 623
cargo_ship 0.0010 1468 476 1545 630
special_ship 0.7723 0 496 152 548
special_ship 0.5791 0 397 135 553
special_ship 0.0069 0 373 19 532
special_ship 0.0064 0 428 250 534
special_ship 0.0051 1 339 76 554
special_ship 0.0013 0 243 88 598
special_ship 0.0010 4 993 240 1080
special_ship 0.0010 0 420 11 510
boat 0.9968 1067 556 1163 600
boat 0.9834 248 523 319 591
boat 0.0227 1077 562 1151 591
boat 0.0067 256 530 312 571
boat 0.0051 237 558 282 587
boat 0.0019 2 498 31 539
buoy 0.9864 237 591 343 725
buoy 0.0021 206 576 342 786
