cargo_ship 0.9981 1480 552 1609 614
cargo_ship 0.9979 287 505 521 580
cargo_ship 0.9974 1 496 159 570
cargo_ship 0.9927 932 460 1491 613
cargo_ship 0.9921 515 483 919 605
cargo_ship 0.9899 1662 569 1849 622
cargo_ship 0.1024 0 498 30 570
cargo_ship 0.0149 1911 562 1920 613
cargo_ship 0.0105 1887 711 1919 785
cargo_ship 0.0066 0 435 166 613
cargo_ship 0.0030 284 462 526 637
cargo_ship 0.0029 1894 737 1919 780
cargo_ship 0.0021 1476 478 1629 679
cargo_ship 0.0021 473 393 962 715
cargo_ship 0.0020 0 495 17 547
cargo_ship 0.0019 1488 536 1608 593
cargo_ship 0.0014 1853 647 1919 788
cargo_ship 0.0011 447 412 1920 706
boat 0.9988 157 547 199 571
boat 0.0012 1796 589 1838 614
