cargo_ship 0.9987 1022 515 1196 556
cargo_ship 0.9957 306 403 429 557
cargo_ship 0.9842 574 480 666 556
cargo_ship 0.2116 0 505 15 561
cargo_ship 0.1058 0 473 19 566
cargo_ship 0.0361 3 506 74 565
cargo_ship 0.0180 0 406 18 551
cargo_ship 0.0124 0 469 11 545
cargo_ship 0.0085 1913 510 1920 556
cargo_ship 0.0058 0 508 24 574
cargo_ship 0.0042 541 417 675 630
cargo_ship 0.0031 1913 531 1920 558
cargo_ship 0.0020 1912 469 1920 543
cargo_ship 0.0019 1903 439 1920 571
cargo_ship 0.0015 552 470 720 552
cargo_ship 0.0014 1012 522 1135 560
cargo_ship 0.0013 0 439 9 519
cargo_ship 0.0013 0 362 44 581
boat 0.9963 1256 501 1307 558
