cargo_ship 0.9992 13 477 156 528
cargo_ship 0.9983 686 494 841 547
cargo_ship 0.9983 1679 510 1920 595
cargo_ship 0.9973 209 505 329 531
cargo_ship 0.9969 1063 502 1278 564
cargo_ship 0.9965 1413 488 1698 579
cargo_ship 0.9965 352 476 584 542
cargo_ship 0.9954 1246 511 1418 563
cargo_ship 0.9947 195 475 433 531
cargo_ship 0.9922 911 490 1072 552
cargo_ship 0.9915 1190 516 1243 550
cargo_ship 0.9907 824 464 954 567
cargo_ship 0.9698 1100 507 1232 557
cargo_ship 0.9434 1131 515 1200 548
cargo_ship 0.3177 1912 557 1920 589
cargo_ship 0.2670 0 488 20 524
cargo_ship 0.0481 1910 569 1920 595
cargo_ship 0.0463 0 460 23 528
cargo_ship 0.0082 1185 495 1246 555
cargo_ship 0.0072 1677 463 1920 638
cargo_ship 0.0071 1903 508 1920 608
cargo_ship 0.0065 2 478 62 527
cargo_ship 0.0048 1854 507 1920 589
cargo_ship 0.0027 1058 428 1288 619
cargo_ship 0.0019 340 405 580 589
cargo_ship 0.0017 192 395 431 598
cargo_ship 0.0014 1062 505 1133 555
cargo_ship 0.0013 204 514 337 538
cargo_ship 0.0012 1477 493 1640 595
cargo_ship 0.0010 0 453 11 505
boat 0.9982 641 524 687 545
boat 0.9964 1656 560 1692 582
boat 0.9950 285 540 504 635
boat 0.0289 1416 552 1440 572
boat 0.0252 1 592 77 637
boat 0.0061 632 516 696 550
boat 0.0034 215 508 294 529
boat 0.0023 1648 552 1699 590
boat 0.0020 689 523 725 546
boat 0.0015 3 517 126 640
boat 0.0014 121 599 240 632
