cargo_ship 0.9982 527 599 631 658
cargo_ship 0.9951 2 541 133 659
cargo_ship 0.9909 830 505 980 660
cargo_ship 0.9810 1824 583 1920 651
cargo_ship 0.9642 1316 501 1480 657
cargo_ship 0.0204 0 533 22 639
cargo_ship 0.0183 1 614 128 665
cargo_ship 0.0090 1282 542 1386 659
cargo_ship 0.0072 1830 513 1920 658
cargo_ship 0.0065 0 555 11 619
cargo_ship 0.0034 1816 613 1918 658
cargo_ship 0.0029 0 568 32 655
cargo_ship 0.0026 1230 548 1441 656
cargo_ship 0.0025 1231 500 1554 660
cargo_ship 0.0013 1402 501 1484 656
cargo_ship 0.0012 1903 604 1920 650
cargo_ship 0.0010 1817 506 1920 709
cargo_ship 0.0010 880 502 1493 656
boat 0.0024 1 593 130 665
