cargo_ship 0.9985 804 384 1144 503
cargo_ship 0.9981 505 374 702 468
cargo_ship 0.9925 1572 375 1914 561
cargo_ship 0.7684 123 314 543 480
cargo_ship 0.5852 1522 490 1575 520
cargo_ship 0.0243 132 320 282 464
cargo_ship 0.0135 89 254 578 541
cargo_ship 0.0037 0 236 1133 566
cargo_ship 0.0029 1562 471 1920 567
cargo_ship 0.0026 1566 359 1651 539
cargo_ship 0.0014 919 293 1920 617
cargo_ship 0.0014 787 275 1188 621
cargo_ship 0.0011 1560 334 1920 664
cargo_ship 0.0010 1677 392 1819 557
special_ship 0.0137 134 368 555 477
boat 0.0014 389 438 439 468
boat 0.0010 370 426 426 479
buoy 0.9874 637 530 750 666
buoy 0.0011 618 516 764 734
