cargo_ship 0.9983 1481 552 1610 613
cargo_ship 0.9973 1618 564 1780 619
cargo_ship 0.9971 285 503 521 579
cargo_ship 0.9949 2 493 158 568
cargo_ship 0.9929 930 462 1488 611
cargo_ship 0.9907 515 481 917 604
cargo_ship 0.4971 0 499 28 569
cargo_ship 0.0059 1912 558 1920 616
cargo_ship 0.0049 0 432 165 616
cargo_ship 0.0028 284 441 527 609
cargo_ship 0.0027 1666 556 1920 621
cargo_ship 0.0020 474 394 960 713
cargo_ship 0.0020 0 492 16 551
cargo_ship 0.0015 1477 475 1629 681
cargo_ship 0.0013 0 450 20 563
cargo_ship 0.0013 1653 569 1733 622
cargo_ship 0.0011 1761 562 1912 614
cargo_ship 0.0011 447 412 1920 706
boat 0.9981 122 546 156 569
boat 0.0022 114 538 163 576
boat 0.0014 133 535 163 567
