cargo_ship 0.9993 503 891 643 929
cargo_ship 0.9979 1725 876 1821 946
cargo_ship 0.9959 1539 878 1602 935
cargo_ship 0.9956 674 877 902 935
cargo_ship 0.9797 1874 866 1920 932
cargo_ship 0.9766 1517 913 1546 933
cargo_ship 0.0038 1694 800 1827 1006
cargo_ship 0.0034 732 616 862 663
cargo_ship 0.0032 1864 881 1920 930
cargo_ship 0.0019 671 802 908 1000
cargo_ship 0.0018 0 894 17 928
cargo_ship 0.0018 1862 811 1920 946
cargo_ship 0.0014 0 872 15 925
special_ship 0.9984 41 833 213 938
special_ship 0.9931 939 758 1479 954
special_ship 0.9851 211 832 369 940
special_ship 0.9768 1589 854 1716 941
special_ship 0.0498 1578 812 1731 988
special_ship 0.0145 944 758 1196 943
special_ship 0.0039 1901 747 1920 913
special_ship 0.0029 1888 812 1919 931
special_ship 0.0018 1868 747 1920 952
special_ship 0.0015 527 696 1871 980
special_ship 0.0011 952 799 1099 949
special_ship 0.0011 1877 597 1920 941
boat 0.9994 271 927 323 951
boat 0.9843 379 934 486 995
boat 0.0044 278 918 321 942
boat 0.0042 255 922 343 954
boat 0.0038 353 953 456 995
boat 0.0025 1910 938 1920 962
boat 0.0015 394 939 458 967
boat 0.0013 372 965 417 990
buoy 0.9831 1743 973 1776 993
buoy 0.9506 451 987 487 1013
buoy 0.0525 1601 991 1642 1009
buoy 0.0472 445 971 491 1015
buoy 0.0031 1738 961 1784 999
