cargo_ship 0.9985 802 384 1142 502
cargo_ship 0.9982 503 373 700 467
cargo_ship 0.9931 1569 375 1913 560
cargo_ship 0.9587 1485 482 1575 523
cargo_ship 0.6785 124 314 539 479
cargo_ship 0.0486 132 318 281 466
cargo_ship 0.0129 92 252 575 542
cargo_ship 0.0063 1911 507 1920 558
cargo_ship 0.0043 782 546 975 592
cargo_ship 0.0041 1558 473 1920 566
cargo_ship 0.0033 0 236 1130 567
cargo_ship 0.0032 1564 361 1655 537
cargo_ship 0.0014 1902 468 1920 569
cargo_ship 0.0014 919 293 1920 617
cargo_ship 0.0013 0 394 12 430
cargo_ship 0.0013 785 270 1188 626
cargo_ship 0.0011 124 300 231 443
cargo_ship 0.0010 1558 334 1920 663
special_ship 0.0195 120 363 529 474
boat 0.9544 503 520 1245 756
boat 0.8893 83 414 145 441
boat 0.0465 69 412 155 453
boat 0.0140 270 463 1402 793
boat 0.0030 801 527 1075 593
boat 0.0020 512 517 702 745
boat 0.0010 443 518 843 722
buoy 0.1002 527 508 748 707
buoy 0.0872 630 523 739 640
buoy 0.0163 579 525 713 676
buoy 0.0062 665 507 739 612
buoy 0.0013 538 523 669 687
