cargo_ship 0.9990 18 479 168 528
cargo_ship 0.9985 216 503 337 531
cargo_ship 0.9984 1687 510 1920 596
cargo_ship 0.9981 689 493 851 548
cargo_ship 0.9976 1239 511 1420 562
cargo_ship 0.9971 1069 503 1284 563
cargo_ship 0.9963 355 474 589 544
cargo_ship 0.9962 1418 489 1703 579
cargo_ship 0.9933 199 475 441 532
cargo_ship 0.9914 831 453 968 568
cargo_ship 0.9741 1193 516 1246 549
cargo_ship 0.9739 916 492 1081 550
cargo_ship 0.9644 1136 517 1203 548
cargo_ship 0.3340 0 490 23 525
cargo_ship 0.1528 1911 556 1920 590
cargo_ship 0.1064 1905 572 1920 597
cargo_ship 0.0264 0 476 29 530
cargo_ship 0.0138 1856 504 1920 593
cargo_ship 0.0088 0 467 14 524
cargo_ship 0.0087 643 524 694 544
cargo_ship 0.0073 1681 464 1920 637
cargo_ship 0.0072 1900 508 1919 607
cargo_ship 0.0031 5 480 63 527
cargo_ship 0.0024 1061 428 1289 619
cargo_ship 0.0024 232 499 319 522
cargo_ship 0.0019 1187 494 1246 556
cargo_ship 0.0017 342 408 584 587
cargo_ship 0.0016 722 478 962 560
cargo_ship 0.0015 208 514 344 539
cargo_ship 0.0013 193 396 435 598
cargo_ship 0.0012 670 515 796 547
cargo_ship 0.0012 1478 493 1641 595
cargo_ship 0.0011 10 506 49 525
boat 0.9945 1660 560 1696 582
boat 0.9938 679 525 722 546
boat 0.9901 752 550 897 627
boat 0.0461 748 494 909 666
boat 0.0181 673 531 713 549
boat 0.0145 1665 551 1699 579
boat 0.0133 1424 552 1447 572
boat 0.0081 657 520 759 548
boat 0.0011 1652 553 1701 589
