cargo_ship 0.9914 908 335 1195 394
cargo_ship 0.9910 1522 287 1888 391
cargo_ship 0.9910 0 226 809 429
cargo_ship 0.9745 1850 277 1918 406
cargo_ship 0.0465 0 205 1115 466
cargo_ship 0.0255 1856 353 1919 410
cargo_ship 0.0056 1526 247 1598 387
cargo_ship 0.0045 1781 297 1920 386
cargo_ship 0.0034 1823 219 1913 408
cargo_ship 0.0030 1624 275 1782 395
cargo_ship 0.0026 1837 221 1920 453
cargo_ship 0.0017 1 190 54 434
cargo_ship 0.0011 964 321 1109 404
cargo_ship 0.0010 1481 164 1906 515
cargo_ship 0.0010 748 248 811 427
cargo_ship 0.0010 0 306 19 438
boat 0.9980 850 418 1003 505
boat 0.9948 959 379 998 395
boat 0.0158 840 387 1020 548
boat 0.0041 1855 234 1917 346
boat 0.0032 1859 382 1918 409
boat 0.0022 1835 371 1879 396
boat 0.0015 920 372 1026 396
boat 0.0013 1909 397 1920 418
boat 0.0011 878 425 968 499
boat 0.0011 0 406 18 440
boat 0.0010 1 469 22 514
boat 0.0010 1896 386 1920 410
