cargo_ship 0.9944 257 418 596 510
cargo_ship 0.9932 1566 432 1784 496
cargo_ship 0.9880 681 391 1156 508
cargo_ship 0.0309 0 495 43 573
cargo_ship 0.0027 638 301 1192 599
cargo_ship 0.0016 0 720 12 777
cargo_ship 0.0015 0 395 16 535
cargo_ship 0.0015 334 415 488 519
cargo_ship 0.0014 0 522 30 568
cargo_ship 0.0013 0 700 21 796
cargo_ship 0.0012 263 463 609 511
cargo_ship 0.0012 1727 1066 1920 1080
special_ship 0.0015 0 356 53 590
boat 0.9976 33 515 144 573
boat 0.9950 810 512 923 589
boat 0.9580 1773 388 1919 480
boat 0.6705 0 497 61 572
boat 0.0284 1772 290 1919 494
boat 0.0139 779 455 926 646
boat 0.0063 1 493 25 521
boat 0.0047 1768 421 1815 482
boat 0.0040 1 508 210 575
boat 0.0036 1 470 57 547
boat 0.0032 1776 404 1915 643
boat 0.0029 7 496 47 521
boat 0.0023 5 502 52 539
boat 0.0016 0 414 57 583
boat 0.0015 5 512 53 557
boat 0.0011 1908 418 1920 460
boat 0.0010 1770 491 1791 512
buoy 0.9795 74 582 190 736
buoy 0.0012 95 575 164 703
