cargo_ship 0.9945 257 419 594 509
cargo_ship 0.9910 1567 433 1784 496
cargo_ship 0.9872 681 392 1155 509
cargo_ship 0.0029 637 300 1192 600
cargo_ship 0.0017 334 415 488 519
cargo_ship 0.0012 261 463 591 511
cargo_ship 0.0011 273 382 556 555
cargo_ship 0.0010 0 684 17 732
cargo_ship 0.0010 108 284 1707 623
boat 0.9981 1112 506 1228 577
boat 0.9971 299 511 379 582
boat 0.9458 1773 387 1919 481
boat 0.0347 1773 290 1920 495
boat 0.0068 282 507 432 586
boat 0.0047 1768 419 1815 484
boat 0.0042 1788 436 1917 609
boat 0.0025 1101 442 1250 613
boat 0.0019 306 526 373 568
boat 0.0011 1908 418 1920 460
buoy 0.9776 74 591 194 731
buoy 0.0011 97 581 164 695
