cargo_ship 0.9897 1067 375 1159 411
cargo_ship 0.9874 58 243 691 382
cargo_ship 0.9769 1338 272 1866 421
cargo_ship 0.9627 490 250 1097 412
cargo_ship 0.9324 1785 188 1920 488
cargo_ship 0.7733 289 298 578 410
cargo_ship 0.6754 59 305 384 387
cargo_ship 0.0552 1773 335 1919 493
cargo_ship 0.0419 1832 157 1920 415
cargo_ship 0.0286 1303 170 1916 435
cargo_ship 0.0101 1740 117 1895 508
cargo_ship 0.0047 52 229 271 394
cargo_ship 0.0041 117 201 705 479
cargo_ship 0.0034 1828 252 1920 474
cargo_ship 0.0025 1755 303 1920 425
cargo_ship 0.0017 1768 213 1860 467
cargo_ship 0.0012 812 186 1920 504
cargo_ship 0.0011 0 208 1461 479
boat 0.9771 1275 512 1439 545
boat 0.9673 286 292 539 417
boat 0.0439 1235 504 1391 544
boat 0.0074 1204 502 1451 553
boat 0.0041 1294 521 1367 542
boat 0.0020 1892 542 1920 576
boat 0.0017 1339 521 1419 542
boat 0.0014 1901 529 1919 564
boat 0.0010 1315 512 1395 547
