cargo_ship 0.9974 619 515 688 572
cargo_ship 0.9963 1470 529 1514 565
cargo_ship 0.9924 1555 469 1657 563
cargo_ship 0.9881 1026 488 1140 557
cargo_ship 0.9869 506 478 593 569
cargo_ship 0.9507 1648 513 1718 570
cargo_ship 0.7215 0 460 18 577
cargo_ship 0.0822 0 519 13 572
cargo_ship 0.0722 1584 474 1701 568
cargo_ship 0.0457 0 471 11 545
cargo_ship 0.0281 1459 525 1537 567
cargo_ship 0.0101 1538 426 1677 618
cargo_ship 0.0068 1011 426 1150 623
cargo_ship 0.0063 1656 529 1713 563
cargo_ship 0.0063 1913 527 1920 567
cargo_ship 0.0050 485 420 618 629
cargo_ship 0.0033 1913 545 1920 570
cargo_ship 0.0022 0 414 39 587
cargo_ship 0.0012 1913 484 1920 554
cargo_ship 0.0011 458 463 647 559
boat 0.9986 1001 534 1081 586
boat 0.0181 1013 536 1069 566
boat 0.0023 999 521 1057 578
