cargo_ship 0.9986 503 889 640 927
cargo_ship 0.9956 672 876 903 935
cargo_ship 0.9948 1749 874 1846 944
cargo_ship 0.9938 1539 878 1599 934
cargo_ship 0.9770 1876 866 1919 931
cargo_ship 0.9380 1516 913 1543 932
cargo_ship 0.0076 1857 916 1880 929
cargo_ship 0.0043 1735 798 1866 1008
cargo_ship 0.0031 0 893 22 927
cargo_ship 0.0022 671 803 908 1000
cargo_ship 0.0018 0 862 27 932
cargo_ship 0.0010 1868 882 1920 929
cargo_ship 0.0010 0 851 11 916
special_ship 0.9985 39 832 215 937
special_ship 0.9931 942 756 1486 952
special_ship 0.9889 213 832 367 940
special_ship 0.9886 1585 853 1716 940
special_ship 0.0578 1574 813 1730 986
special_ship 0.0298 948 759 1188 942
special_ship 0.0150 1886 811 1919 931
special_ship 0.0086 1874 746 1920 952
special_ship 0.0045 1901 738 1920 922
special_ship 0.0017 954 799 1101 948
special_ship 0.0017 528 694 1872 982
boat 0.9994 327 927 377 955
boat 0.9993 124 927 223 983
boat 0.0222 307 923 390 957
boat 0.0041 1909 937 1920 958
boat 0.0015 1911 927 1920 950
boat 0.0015 143 915 216 969
boat 0.0014 309 916 351 939
boat 0.0010 156 929 204 951
buoy 0.9952 453 992 493 1017
buoy 0.9782 1747 972 1779 992
buoy 0.1885 1597 987 1633 1006
buoy 0.0028 1741 960 1786 999
