cargo_ship 0.9990 119 443 174 458
cargo_ship 0.9985 0 418 113 458
cargo_ship 0.9984 209 429 258 457
cargo_ship 0.9900 1129 334 1514 465
cargo_ship 0.9887 517 354 1001 461
cargo_ship 0.0173 0 417 10 460
cargo_ship 0.0075 2 378 114 463
cargo_ship 0.0053 185 426 275 459
cargo_ship 0.0038 0 436 8 461
cargo_ship 0.0019 1076 242 1542 550
cargo_ship 0.0017 457 255 1036 540
cargo_ship 0.0011 0 390 19 464
boat 0.9949 207 445 230 458
boat 0.9667 1786 280 1894 497
boat 0.1037 1761 321 1920 462
boat 0.0143 61 440 109 458
boat 0.0019 1836 289 1914 491
boat 0.0016 1896 450 1918 483
boat 0.0014 1786 441 1915 489
