cargo_ship 0.9979 1439 427 1639 508
cargo_ship 0.9976 670 432 783 498
cargo_ship 0.0098 0 460 6 497
cargo_ship 0.0051 1912 475 1920 508
cargo_ship 0.0039 1440 382 1658 556
cargo_ship 0.0022 658 366 808 571
cargo_ship 0.0013 1903 381 1920 522
cargo_ship 0.0013 1912 430 1920 499
special_ship 0.9891 208 474 235 497
special_ship 0.0022 204 461 242 502
boat 0.9981 1752 506 1790 536
boat 0.9936 1636 489 1679 510
boat 0.9866 1003 373 1087 529
boat 0.0650 951 390 1122 509
boat 0.0108 972 358 1100 575
boat 0.0035 1633 480 1688 513
boat 0.0035 1669 492 1706 509
boat 0.0010 1720 502 1811 539
