cargo_ship 0.9945 257 418 593 508
cargo_ship 0.9913 1567 432 1783 495
cargo_ship 0.9879 682 392 1155 508
cargo_ship 0.0029 638 300 1192 600
cargo_ship 0.0016 334 414 488 519
cargo_ship 0.0010 274 383 554 555
cargo_ship 0.0010 0 665 9 723
cargo_ship 0.0010 108 284 1707 623
boat 0.9989 356 513 449 587
boat 0.9959 1225 504 1325 570
boat 0.9524 1774 387 1919 479
boat 0.9212 1625 531 1920 720
boat 0.0201 1770 422 1816 481
boat 0.0171 1784 306 1919 487
boat 0.0110 1601 441 1920 790
boat 0.0045 335 443 478 658
boat 0.0021 1229 492 1298 555
boat 0.0019 1200 432 1346 622
boat 0.0019 954 406 1920 831
boat 0.0013 1714 541 1871 727
boat 0.0011 1635 637 1920 724
buoy 0.9655 75 582 187 728
buoy 0.0097 51 565 194 795
