cargo_ship 0.9991 1058 542 1187 579
cargo_ship 0.9988 1870 544 1911 579
cargo_ship 0.9986 1777 555 1808 580
cargo_ship 0.9984 557 549 652 580
cargo_ship 0.9982 1248 543 1375 578
cargo_ship 0.9980 445 557 541 579
cargo_ship 0.9975 739 536 852 581
cargo_ship 0.9971 351 557 423 579
cargo_ship 0.9952 841 539 990 580
cargo_ship 0.9901 6 410 367 606
cargo_ship 0.9874 1009 550 1049 580
cargo_ship 0.9843 1567 567 1603 580
cargo_ship 0.0838 1893 545 1916 580
cargo_ship 0.0089 1881 536 1918 585
cargo_ship 0.0071 1771 548 1811 588
cargo_ship 0.0052 1847 541 1920 580
cargo_ship 0.0022 1 381 56 618
cargo_ship 0.0015 0 564 16 613
cargo_ship 0.0012 977 545 1066 582
cargo_ship 0.0011 0 388 19 515
cargo_ship 0.0010 0 483 21 609
boat 0.9985 1599 566 1620 580
boat 0.0079 840 567 873 582
