cargo_ship 0.9995 14 478 169 528
cargo_ship 0.9984 1680 509 1920 596
cargo_ship 0.9978 687 494 842 548
cargo_ship 0.9974 1063 503 1278 563
cargo_ship 0.9967 350 475 584 544
cargo_ship 0.9966 1413 488 1700 579
cargo_ship 0.9964 1248 511 1418 563
cargo_ship 0.9962 209 503 333 532
cargo_ship 0.9922 193 475 434 531
cargo_ship 0.9906 1190 515 1242 550
cargo_ship 0.9888 909 491 1072 552
cargo_ship 0.9822 823 454 961 567
cargo_ship 0.9305 1129 507 1203 555
cargo_ship 0.3538 1911 557 1920 589
cargo_ship 0.2646 0 491 20 524
cargo_ship 0.1482 640 522 693 544
cargo_ship 0.0671 1909 569 1920 595
cargo_ship 0.0349 1701 544 1911 593
cargo_ship 0.0301 0 459 23 529
cargo_ship 0.0214 1184 495 1246 556
cargo_ship 0.0090 1854 506 1920 590
cargo_ship 0.0088 1901 508 1920 609
cargo_ship 0.0085 1677 464 1920 637
cargo_ship 0.0078 4 478 62 527
cargo_ship 0.0027 1058 428 1288 619
cargo_ship 0.0023 1102 498 1225 553
cargo_ship 0.0023 339 408 580 586
cargo_ship 0.0021 1124 506 1440 562
cargo_ship 0.0013 191 395 432 598
cargo_ship 0.0012 1478 493 1640 595
boat 0.9929 1656 560 1693 582
boat 0.9795 678 526 716 546
boat 0.9707 776 548 916 627
boat 0.0364 760 491 926 668
boat 0.0200 1416 552 1440 571
boat 0.0026 651 520 763 548
boat 0.0018 1648 552 1700 589
boat 0.0011 146 510 175 525
boat 0.0010 812 533 889 618
