cargo_ship 0.9990 1460 528 1507 565
cargo_ship 0.9917 602 513 676 570
cargo_ship 0.9907 1571 466 1671 564
cargo_ship 0.9882 1048 483 1152 565
cargo_ship 0.9865 510 476 597 567
cargo_ship 0.9737 1669 500 1748 569
cargo_ship 0.7755 0 463 40 573
cargo_ship 0.0507 0 539 32 572
cargo_ship 0.0255 1 479 37 535
cargo_ship 0.0152 0 361 43 592
cargo_ship 0.0132 1547 413 1681 591
cargo_ship 0.0107 1618 490 1787 567
cargo_ship 0.0079 1022 423 1157 626
cargo_ship 0.0058 510 484 674 569
cargo_ship 0.0045 1912 529 1920 564
cargo_ship 0.0044 484 419 621 629
cargo_ship 0.0039 1913 504 1920 561
cargo_ship 0.0037 1671 512 1729 555
cargo_ship 0.0033 1660 449 1761 566
cargo_ship 0.0021 459 463 650 559
cargo_ship 0.0021 0 427 25 531
cargo_ship 0.0013 1913 474 1920 538
cargo_ship 0.0011 1904 437 1920 573
cargo_ship 0.0010 1678 530 1742 561
boat 0.9983 1176 526 1291 586
boat 0.0017 1199 535 1262 563
boat 0.0013 1200 546 1266 571
boat 0.0011 1147 435 1306 668
