cargo_ship 0.9997 549 554 585 573
cargo_ship 0.9996 828 546 867 572
cargo_ship 0.9992 37 539 184 574
cargo_ship 0.9990 675 543 712 572
cargo_ship 0.9987 913 552 952 572
cargo_ship 0.9979 470 557 504 574
cargo_ship 0.9970 955 557 1001 571
cargo_ship 0.9957 1089 412 1561 607
cargo_ship 0.9954 600 519 654 576
cargo_ship 0.9381 126 544 199 573
cargo_ship 0.9195 1261 556 1314 572
cargo_ship 0.5216 0 535 20 576
cargo_ship 0.3947 0 455 15 583
cargo_ship 0.0197 0 476 9 563
cargo_ship 0.0146 967 559 1004 574
cargo_ship 0.0084 1913 525 1920 568
cargo_ship 0.0054 0 399 18 559
cargo_ship 0.0039 514 366 1920 650
cargo_ship 0.0035 1913 546 1920 570
cargo_ship 0.0030 1084 444 1177 607
cargo_ship 0.0027 1256 544 1316 579
cargo_ship 0.0016 542 544 590 578
cargo_ship 0.0014 906 544 956 577
cargo_ship 0.0013 1270 561 1325 574
cargo_ship 0.0012 1903 449 1920 588
cargo_ship 0.0010 0 399 38 598
boat 0.9992 1009 555 1031 571
boat 0.0077 1237 555 1282 572
boat 0.0035 1147 563 1183 577
boat 0.0022 1246 561 1280 574
boat 0.0019 1225 554 1259 571
