cargo_ship 0.9987 65 394 460 479
cargo_ship 0.9984 1135 353 1251 480
cargo_ship 0.9978 1334 404 1529 448
cargo_ship 0.9972 796 398 1082 467
cargo_ship 0.9891 1524 401 1709 448
cargo_ship 0.0119 1912 403 1920 448
cargo_ship 0.0078 0 400 19 500
cargo_ship 0.0061 0 437 10 490
cargo_ship 0.0032 187 389 339 491
cargo_ship 0.0019 0 398 9 480
cargo_ship 0.0018 1903 321 1920 474
cargo_ship 0.0018 114 357 411 526
cargo_ship 0.0014 799 330 1074 504
cargo_ship 0.0013 856 392 1016 482
special_ship 0.9887 580 404 769 478
special_ship 0.0042 576 355 791 529
boat 0.9954 1420 430 1512 462
boat 0.9928 1572 433 1646 459
boat 0.1069 1549 423 1656 458
boat 0.0044 818 435 980 471
boat 0.0040 0 988 213 1080
boat 0.0011 0 455 9 497
