cargo_ship 0.9985 522 598 624 656
cargo_ship 0.9946 2 540 133 656
cargo_ship 0.9924 831 504 979 655
cargo_ship 0.9921 1828 581 1920 648
cargo_ship 0.9738 1315 501 1483 652
cargo_ship 0.0185 0 614 128 662
cargo_ship 0.0135 0 537 24 635
cargo_ship 0.0132 1832 518 1920 654
cargo_ship 0.0061 1286 512 1384 654
cargo_ship 0.0058 1399 503 1488 653
cargo_ship 0.0038 0 556 13 619
cargo_ship 0.0021 0 568 35 655
cargo_ship 0.0020 1846 595 1910 635
cargo_ship 0.0020 0 571 19 629
cargo_ship 0.0016 0 616 16 662
cargo_ship 0.0013 0 604 26 671
cargo_ship 0.0011 1819 502 1920 712
