cargo_ship 0.9934 950 336 1237 394
cargo_ship 0.9932 0 228 815 429
cargo_ship 0.9862 1526 287 1895 392
cargo_ship 0.9510 1857 275 1919 409
cargo_ship 0.0530 0 206 1115 467
cargo_ship 0.0087 1863 350 1918 413
cargo_ship 0.0039 1531 246 1600 389
cargo_ship 0.0033 1764 300 1920 383
cargo_ship 0.0025 1009 320 1154 405
cargo_ship 0.0025 1863 128 1920 389
cargo_ship 0.0022 1626 275 1781 396
cargo_ship 0.0018 1840 214 1920 461
cargo_ship 0.0014 0 188 53 434
cargo_ship 0.0012 1845 315 1920 394
cargo_ship 0.0011 1485 167 1913 512
cargo_ship 0.0011 954 259 1215 464
cargo_ship 0.0011 1819 303 1914 410
boat 0.9978 956 379 995 397
boat 0.9959 703 425 850 512
boat 0.0150 699 385 867 553
boat 0.0117 1032 382 1070 394
boat 0.0060 1859 233 1917 349
boat 0.0036 0 409 15 441
boat 0.0023 1865 381 1917 412
boat 0.0010 1901 398 1920 416
buoy 0.0067 1482 553 1510 590
buoy 0.0011 1477 540 1516 604
