cargo_ship 0.9977 616 515 686 572
cargo_ship 0.9926 1551 469 1653 564
cargo_ship 0.9883 504 477 590 569
cargo_ship 0.9880 1466 522 1517 570
cargo_ship 0.9806 1029 486 1136 566
cargo_ship 0.9243 1648 514 1716 571
cargo_ship 0.1219 0 462 15 574
cargo_ship 0.0550 0 480 8 557
cargo_ship 0.0182 1587 474 1699 569
cargo_ship 0.0160 0 517 10 572
cargo_ship 0.0122 973 506 1074 585
cargo_ship 0.0109 1538 426 1675 618
cargo_ship 0.0058 1010 425 1150 624
cargo_ship 0.0055 485 420 617 629
cargo_ship 0.0044 0 458 9 531
cargo_ship 0.0037 1912 528 1920 566
cargo_ship 0.0037 0 408 17 549
cargo_ship 0.0027 1913 503 1920 561
cargo_ship 0.0019 992 483 1101 575
cargo_ship 0.0016 0 542 12 574
cargo_ship 0.0011 459 463 646 559
boat 0.9988 968 531 1055 589
boat 0.0303 978 532 1029 566
boat 0.0059 978 543 1050 577
boat 0.0018 967 557 1038 583
