passenger_ship 0.7307 3 393 47 550
passenger_ship 0.0769 0 439 40 569
passenger_ship 0.0037 0 258 63 633
passenger_ship 0.0024 0 439 209 502
passenger_ship 0.0015 0 436 36 496
passenger_ship 0.0011 0 418 214 474
cargo_ship 0.9991 1340 404 1531 450
cargo_ship 0.9986 62 396 456 478
cargo_ship 0.9984 1127 352 1239 478
cargo_ship 0.9971 794 395 1073 465
cargo_ship 0.9955 1513 404 1692 451
cargo_ship 0.0849 0 280 45 560
cargo_ship 0.0787 0 373 26 503
cargo_ship 0.0241 1907 404 1920 446
cargo_ship 0.0032 187 390 338 490
cargo_ship 0.0027 1903 323 1920 473
cargo_ship 0.0024 0 319 19 478
cargo_ship 0.0024 1909 422 1920 449
cargo_ship 0.0018 0 391 12 459
cargo_ship 0.0017 114 356 409 527
cargo_ship 0.0016 797 329 1072 504
cargo_ship 0.0015 0 407 18 469
cargo_ship 0.0013 65 396 180 486
cargo_ship 0.0012 1897 388 1920 456
cargo_ship 0.0012 1558 400 1636 453
cargo_ship 0.0011 854 391 1015 482
special_ship 0.9913 566 402 763 478
special_ship 0.0067 545 353 764 531
boat 0.9981 1659 429 1727 455
boat 0.9966 1336 433 1409 460
boat 0.8922 1070 431 1156 468
boat 0.0232 815 435 974 470
boat 0.0092 1 466 52 570
boat 0.0018 0 527 40 561
