cargo_ship 0.9997 1005 551 1208 591
cargo_ship 0.9990 811 502 1030 595
cargo_ship 0.9989 370 505 469 561
cargo_ship 0.9989 141 508 330 556
cargo_ship 0.9985 1270 561 1361 594
cargo_ship 0.9983 2 488 240 552
cargo_ship 0.9979 313 508 382 560
cargo_ship 0.9974 458 484 765 577
cargo_ship 0.9966 1200 555 1275 591
cargo_ship 0.9965 1657 561 1802 613
cargo_ship 0.9805 1787 557 1920 620
cargo_ship 0.9781 247 514 282 542
cargo_ship 0.7483 0 433 51 574
cargo_ship 0.0221 1679 552 1919 617
cargo_ship 0.0148 1787 498 1920 622
cargo_ship 0.0137 1909 578 1920 618
cargo_ship 0.0119 521 475 683 578
cargo_ship 0.0075 242 502 289 547
cargo_ship 0.0071 191 498 267 550
cargo_ship 0.0066 220 505 281 552
cargo_ship 0.0063 315 495 490 566
cargo_ship 0.0046 0 497 58 567
cargo_ship 0.0035 0 299 46 596
cargo_ship 0.0035 0 513 40 574
cargo_ship 0.0022 0 401 25 559
cargo_ship 0.0020 0 426 239 620
cargo_ship 0.0015 0 468 192 540
cargo_ship 0.0014 1895 549 1920 626
cargo_ship 0.0013 386 519 453 549
cargo_ship 0.0012 195 518 259 543
boat 0.9975 906 569 1003 605
boat 0.0123 0 539 33 573
boat 0.0043 730 558 765 579
boat 0.0028 0 516 60 570
boat 0.0014 9 530 55 560
boat 0.0011 939 565 1004 590
