cargo_ship 0.9991 504 890 640 930
cargo_ship 0.9959 673 878 903 936
cargo_ship 0.9956 1538 878 1599 936
cargo_ship 0.9884 1741 874 1840 946
cargo_ship 0.9793 1875 866 1920 933
cargo_ship 0.9599 1516 914 1545 934
cargo_ship 0.0185 1857 917 1880 931
cargo_ship 0.0038 1731 799 1863 1007
cargo_ship 0.0031 1867 880 1920 930
cargo_ship 0.0025 0 894 21 929
cargo_ship 0.0022 671 802 908 1000
cargo_ship 0.0015 0 858 25 936
cargo_ship 0.0014 0 871 16 926
cargo_ship 0.0010 1757 896 1821 928
special_ship 0.9983 41 834 214 939
special_ship 0.9929 941 757 1486 955
special_ship 0.9877 1586 853 1715 941
special_ship 0.9765 211 834 370 940
special_ship 0.0569 1575 812 1729 988
special_ship 0.0387 947 757 1192 943
special_ship 0.0064 1888 810 1920 932
special_ship 0.0048 1901 742 1920 918
special_ship 0.0046 1874 742 1920 957
special_ship 0.0014 532 696 1867 981
special_ship 0.0012 1864 819 1917 925
boat 0.9995 201 930 302 989
boat 0.9982 317 927 367 956
boat 0.0055 314 918 349 940
boat 0.0046 1898 941 1920 960
boat 0.0046 219 938 286 969
buoy 0.9957 452 992 491 1018
buoy 0.9714 1747 974 1779 992
buoy 0.7600 1596 991 1635 1009
buoy 0.0019 1740 961 1786 999
