cargo_ship 0.9849 0 155 747 358
cargo_ship 0.1093 1870 230 1920 449
cargo_ship 0.0621 1893 315 1920 428
cargo_ship 0.0500 0 114 55 348
cargo_ship 0.0281 0 98 978 394
cargo_ship 0.0141 6 142 150 364
cargo_ship 0.0137 0 152 18 290
cargo_ship 0.0058 1904 343 1920 403
cargo_ship 0.0056 0 190 21 333
cargo_ship 0.0039 0 253 25 352
cargo_ship 0.0037 0 293 17 340
cargo_ship 0.0026 1862 324 1919 419
cargo_ship 0.0024 0 179 9 264
cargo_ship 0.0010 653 210 739 365
boat 0.7862 1876 364 1920 432
boat 0.0052 1891 362 1920 410
boat 0.0034 1870 318 1919 451
boat 0.0018 1864 369 1920 429
