cargo_ship 0.9980 419 551 531 620
cargo_ship 0.9971 686 579 746 620
cargo_ship 0.9966 1513 574 1593 615
cargo_ship 0.9947 292 594 336 622
cargo_ship 0.9944 902 529 1004 614
cargo_ship 0.9889 1178 531 1270 613
cargo_ship 0.8867 1216 530 1331 615
cargo_ship 0.7766 1902 565 1920 612
cargo_ship 0.2127 1259 510 1343 617
cargo_ship 0.1045 1900 530 1920 618
cargo_ship 0.0158 873 476 1011 677
cargo_ship 0.0130 0 576 7 626
cargo_ship 0.0064 1143 519 1316 611
cargo_ship 0.0056 396 479 538 679
cargo_ship 0.0045 1154 474 1296 680
cargo_ship 0.0017 0 532 17 640
cargo_ship 0.0016 280 592 365 624
cargo_ship 0.0012 1875 469 1920 635
cargo_ship 0.0011 1908 521 1920 602
