cargo_ship 0.9968 981 237 1068 284
cargo_ship 0.9964 27 280 145 330
cargo_ship 0.9955 137 254 347 326
cargo_ship 0.9878 1 261 35 345
cargo_ship 0.9820 1176 120 1690 277
cargo_ship 0.9768 325 111 1029 308
cargo_ship 0.9689 1080 210 1203 282
cargo_ship 0.0093 1158 48 1768 320
cargo_ship 0.0060 1061 145 1211 318
cargo_ship 0.0058 1349 86 1865 298
cargo_ship 0.0056 0 60 1298 333
cargo_ship 0.0040 0 213 43 357
cargo_ship 0.0039 0 208 28 318
cargo_ship 0.0032 0 274 55 333
cargo_ship 0.0023 18 241 143 340
cargo_ship 0.0019 1178 100 1264 260
cargo_ship 0.0018 21 272 335 330
cargo_ship 0.0016 0 309 31 342
cargo_ship 0.0015 2 257 33 303
cargo_ship 0.0011 139 191 365 371
cargo_ship 0.0010 742 26 1920 344
special_ship 0.9605 1478 18 1920 350
special_ship 0.2704 1504 60 1717 344
special_ship 0.0096 1480 0 1918 191
special_ship 0.0065 1134 0 1920 380
special_ship 0.0019 1476 0 1914 272
special_ship 0.0014 1538 89 1672 314
special_ship 0.0013 0 962 262 1064
special_ship 0.0010 1471 202 1748 311
boat 0.9965 526 288 588 309
boat 0.9909 441 313 527 394
boat 0.0056 429 263 562 456
buoy 0.9258 1077 642 1204 717
buoy 0.0039 1051 597 1211 776
buoy 0.0015 1079 628 1196 687
