cargo_ship 0.9989 1200 250 1250 278
cargo_ship 0.9983 1008 248 1057 274
cargo_ship 0.9979 521 234 587 260
cargo_ship 0.9897 25 142 525 256
cargo_ship 0.3977 0 148 114 245
cargo_ship 0.0263 0 190 70 247
cargo_ship 0.0175 0 147 238 248
cargo_ship 0.0092 729 241 780 264
cargo_ship 0.0092 0 220 62 243
cargo_ship 0.0068 1000 244 1081 276
cargo_ship 0.0047 1912 254 1920 298
cargo_ship 0.0037 0 218 20 247
cargo_ship 0.0031 1913 278 1920 300
cargo_ship 0.0024 0 43 555 321
cargo_ship 0.0020 13 174 91 244
cargo_ship 0.0014 0 166 30 250
cargo_ship 0.0013 1902 182 1920 316
cargo_ship 0.0012 4 155 76 286
boat 0.0186 0 460 26 579
boat 0.0018 0 497 15 567
buoy 0.0031 0 339 49 600
