cargo_ship 0.9994 224 429 271 456
cargo_ship 0.9991 610 423 657 454
cargo_ship 0.9907 0 402 162 456
cargo_ship 0.9860 949 341 1425 459
cargo_ship 0.9026 153 438 188 455
cargo_ship 0.0312 0 400 63 456
cargo_ship 0.0276 908 362 1256 456
cargo_ship 0.0240 913 361 1026 459
cargo_ship 0.0136 595 420 677 457
cargo_ship 0.0036 113 439 161 455
cargo_ship 0.0020 915 248 1470 545
cargo_ship 0.0020 1 395 34 458
cargo_ship 0.0017 205 425 299 459
cargo_ship 0.0015 1195 334 1428 460
cargo_ship 0.0013 0 416 21 458
special_ship 0.0615 1412 428 1437 455
boat 0.9995 221 444 243 456
boat 0.9812 1779 273 1882 501
boat 0.3517 154 434 189 454
boat 0.0784 1751 322 1920 458
boat 0.0027 1803 354 1870 471
