cargo_ship 0.9966 500 322 548 348
cargo_ship 0.9949 691 327 742 354
cargo_ship 0.9947 3 308 62 331
cargo_ship 0.6494 1887 375 1920 398
cargo_ship 0.0238 1894 382 1920 402
cargo_ship 0.0197 0 305 36 332
cargo_ship 0.0162 1609 372 1673 388
cargo_ship 0.0052 224 318 272 337
cargo_ship 0.0035 475 323 562 352
cargo_ship 0.0021 1894 354 1920 396
cargo_ship 0.0013 0 313 25 337
cargo_ship 0.0013 1907 328 1919 386
cargo_ship 0.0012 1882 362 1920 405
cargo_ship 0.0012 1896 309 1920 402
cargo_ship 0.0010 1641 375 1681 389
