cargo_ship 0.9916 979 209 1462 358
cargo_ship 0.8838 2 151 85 417
cargo_ship 0.5591 1814 46 1918 359
cargo_ship 0.1704 0 54 115 351
cargo_ship 0.0770 1830 168 1919 389
cargo_ship 0.0081 929 149 1492 424
cargo_ship 0.0064 1 0 61 305
cargo_ship 0.0050 1810 280 1920 381
cargo_ship 0.0028 1799 32 1915 220
cargo_ship 0.0020 728 313 836 351
cargo_ship 0.0017 1882 243 1920 364
cargo_ship 0.0016 0 66 21 212
cargo_ship 0.0015 406 136 1920 445
cargo_ship 0.0013 978 209 1094 357
cargo_ship 0.0013 30 244 86 386
cargo_ship 0.0010 12 79 214 379
cargo_ship 0.0010 1 273 73 441
special_ship 0.0062 0 965 20 1080
special_ship 0.0029 0 890 228 1078
special_ship 0.0016 0 845 21 1030
special_ship 0.0016 0 1005 11 1080
special_ship 0.0014 0 799 45 1080
boat 0.9938 200 353 518 443
boat 0.0038 214 387 476 434
boat 0.0032 285 340 436 444
