cargo_ship 0.9934 1244 468 1331 507
cargo_ship 0.9913 1316 427 1710 535
cargo_ship 0.9870 676 381 825 476
cargo_ship 0.9832 620 438 693 463
cargo_ship 0.9503 349 422 478 453
cargo_ship 0.6927 1908 497 1920 544
cargo_ship 0.5373 121 319 498 482
cargo_ship 0.1367 118 324 236 462
cargo_ship 0.0479 1911 471 1920 545
cargo_ship 0.0350 1902 484 1920 551
cargo_ship 0.0054 613 435 744 468
cargo_ship 0.0047 77 412 135 430
cargo_ship 0.0031 1905 427 1920 559
cargo_ship 0.0024 526 522 909 707
cargo_ship 0.0021 0 229 1147 574
cargo_ship 0.0017 0 388 8 434
cargo_ship 0.0013 1435 419 1589 532
cargo_ship 0.0011 1272 302 1730 608
special_ship 0.3243 118 360 498 476
special_ship 0.0096 100 246 542 550
special_ship 0.0025 1904 379 1920 550
special_ship 0.0018 1880 316 1920 579
boat 0.9944 502 442 546 460
boat 0.9731 1401 615 1920 933
boat 0.0098 1157 556 1920 996
boat 0.0072 430 443 503 484
boat 0.0029 1690 609 1909 705
boat 0.0024 1420 394 1920 864
boat 0.0014 1687 565 1914 923
boat 0.0014 1424 590 1675 894
boat 0.0013 362 439 421 462
buoy 0.9873 637 536 757 671
buoy 0.0016 1784 610 1920 707
buoy 0.0011 1691 597 1908 683
