cargo_ship 0.9980 1451 423 1647 507
cargo_ship 0.9974 636 433 744 496
cargo_ship 0.0144 0 461 7 496
cargo_ship 0.0074 1447 383 1661 554
cargo_ship 0.0039 1911 476 1920 508
cargo_ship 0.0015 1912 431 1920 499
cargo_ship 0.0011 1904 382 1920 521
cargo_ship 0.0011 618 354 769 584
cargo_ship 0.0010 0 391 16 512
special_ship 0.9937 196 472 224 496
special_ship 0.0021 190 461 226 502
boat 0.9976 1694 509 1734 536
boat 0.9899 1067 369 1145 531
boat 0.8976 1635 487 1680 507
boat 0.0281 1035 390 1206 507
boat 0.0059 1058 357 1179 574
boat 0.0022 1666 503 1766 540
boat 0.0011 1690 504 1740 548
