cargo_ship 0.9990 1117 346 1322 391
cargo_ship 0.9889 58 232 883 430
cargo_ship 0.9802 1623 277 1920 393
cargo_ship 0.0358 0 203 1157 470
cargo_ship 0.0067 45 288 104 437
cargo_ship 0.0052 1622 247 1697 388
cargo_ship 0.0041 1626 165 1904 409
cargo_ship 0.0030 1914 354 1920 389
cargo_ship 0.0022 1672 242 1842 390
cargo_ship 0.0010 1146 326 1299 401
boat 0.9991 1177 380 1307 425
boat 0.9731 1443 348 1470 384
boat 0.0436 1232 377 1282 395
boat 0.0121 1139 361 1320 398
boat 0.0103 1436 373 1458 387
boat 0.0041 1912 373 1920 393
boat 0.0024 1209 376 1264 393
boat 0.0021 1453 353 1475 384
boat 0.0012 1907 382 1920 412
buoy 0.0049 188 575 211 601
buoy 0.0017 1910 484 1920 531
