cargo_ship 0.9965 533 600 638 660
cargo_ship 0.9948 819 505 974 661
cargo_ship 0.9946 1 543 119 662
cargo_ship 0.9934 1795 590 1920 656
cargo_ship 0.9862 1290 505 1453 660
cargo_ship 0.1154 1263 534 1394 661
cargo_ship 0.0704 0 614 115 668
cargo_ship 0.0111 1797 506 1920 663
cargo_ship 0.0049 1910 623 1920 658
cargo_ship 0.0045 1911 602 1920 654
cargo_ship 0.0020 1226 502 1544 663
cargo_ship 0.0019 1256 554 1371 623
cargo_ship 0.0017 787 505 1425 658
cargo_ship 0.0012 520 522 670 742
cargo_ship 0.0011 1 548 230 662
cargo_ship 0.0010 1 618 20 663
boat 0.0011 0 605 20 649
