cargo_ship 0.9895 444 205 927 354
cargo_ship 0.9791 1 162 64 396
cargo_ship 0.8876 1806 47 1920 355
cargo_ship 0.1261 4 246 58 382
cargo_ship 0.0082 2 115 97 354
cargo_ship 0.0067 423 144 971 427
cargo_ship 0.0045 1796 229 1920 379
cargo_ship 0.0042 0 14 76 393
cargo_ship 0.0026 1832 31 1920 224
cargo_ship 0.0024 0 240 147 320
cargo_ship 0.0012 1768 116 1920 233
cargo_ship 0.0011 0 152 30 291
cargo_ship 0.0010 0 137 1496 443
special_ship 0.0086 1690 894 1920 1077
special_ship 0.0033 1781 936 1920 1080
special_ship 0.0023 1451 912 1911 1079
special_ship 0.0019 1379 1060 1621 1080
special_ship 0.0018 0 949 243 1080
special_ship 0.0015 1772 826 1915 1080
special_ship 0.0011 1671 991 1920 1080
special_ship 0.0011 10 583 219 957
boat 0.9914 1408 338 1730 430
boat 0.0033 1669 1070 1714 1080
boat 0.0026 1489 334 1634 440
boat 0.0024 1622 334 1675 356
