cargo_ship 0.9997 547 552 584 572
cargo_ship 0.9996 827 546 866 572
cargo_ship 0.9994 37 541 183 573
cargo_ship 0.9992 674 543 711 572
cargo_ship 0.9979 955 556 1001 571
cargo_ship 0.9977 914 552 954 572
cargo_ship 0.9971 470 557 504 573
cargo_ship 0.9962 1171 410 1649 607
cargo_ship 0.9954 604 519 657 576
cargo_ship 0.9902 124 545 199 573
cargo_ship 0.9736 0 540 21 574
cargo_ship 0.9400 1264 556 1314 571
cargo_ship 0.0335 0 529 25 583
cargo_ship 0.0124 1309 551 1365 569
cargo_ship 0.0096 608 542 655 572
cargo_ship 0.0064 1913 526 1920 567
cargo_ship 0.0051 540 544 590 577
cargo_ship 0.0049 617 367 1920 649
cargo_ship 0.0035 0 481 20 585
cargo_ship 0.0028 1913 545 1920 570
cargo_ship 0.0027 909 544 969 576
cargo_ship 0.0014 1171 423 1273 588
cargo_ship 0.0013 0 403 23 524
cargo_ship 0.0012 1277 561 1320 574
cargo_ship 0.0011 1913 484 1920 554
cargo_ship 0.0011 0 555 17 579
cargo_ship 0.0010 1903 451 1920 586
boat 0.9994 1008 555 1031 570
boat 0.7369 1348 555 1376 569
boat 0.0040 1227 553 1257 566
boat 0.0026 1344 560 1377 573
