cargo_ship 0.9991 217 505 333 531
cargo_ship 0.9991 23 479 174 529
cargo_ship 0.9989 692 495 853 549
cargo_ship 0.9986 1690 510 1920 597
cargo_ship 0.9976 1242 517 1429 564
cargo_ship 0.9971 1071 503 1285 564
cargo_ship 0.9965 1420 488 1709 580
cargo_ship 0.9957 356 475 590 544
cargo_ship 0.9941 200 475 439 532
cargo_ship 0.9931 836 465 963 566
cargo_ship 0.9900 913 493 1083 551
cargo_ship 0.9335 1138 516 1205 548
cargo_ship 0.9211 1193 516 1245 550
cargo_ship 0.7754 637 522 696 545
cargo_ship 0.6563 1105 508 1235 557
cargo_ship 0.2488 0 487 23 526
cargo_ship 0.0745 819 432 968 611
cargo_ship 0.0737 1854 502 1919 595
cargo_ship 0.0332 1912 555 1920 591
cargo_ship 0.0197 0 458 23 531
cargo_ship 0.0124 1888 495 1917 598
cargo_ship 0.0116 6 479 65 528
cargo_ship 0.0114 0 469 14 522
cargo_ship 0.0107 1121 508 1436 562
cargo_ship 0.0087 1683 463 1920 637
cargo_ship 0.0032 209 514 341 538
cargo_ship 0.0029 618 514 706 547
cargo_ship 0.0024 1834 545 1876 575
cargo_ship 0.0023 1061 428 1290 619
cargo_ship 0.0023 1734 542 1920 595
cargo_ship 0.0017 1145 498 1214 552
cargo_ship 0.0015 1186 494 1245 556
cargo_ship 0.0014 193 397 435 597
cargo_ship 0.0012 1479 493 1641 596
cargo_ship 0.0012 17 477 322 530
cargo_ship 0.0011 231 499 320 522
cargo_ship 0.0011 1855 401 1920 594
cargo_ship 0.0011 342 408 584 587
cargo_ship 0.0011 1689 509 1797 578
cargo_ship 0.0010 1902 516 1918 580
boat 0.9983 703 527 744 548
boat 0.9911 1662 561 1701 584
boat 0.9826 933 560 1053 631
boat 0.0727 1907 573 1920 597
boat 0.0117 1425 552 1447 572
boat 0.0112 913 488 1062 675
boat 0.0063 697 519 755 551
boat 0.0063 1665 551 1705 579
boat 0.0047 13 507 49 526
boat 0.0019 1656 553 1711 590
