cargo_ship 0.9993 913 434 977 453
cargo_ship 0.9990 595 429 637 456
cargo_ship 0.9990 1360 417 1410 450
cargo_ship 0.9988 125 435 173 456
cargo_ship 0.9987 32 414 127 456
cargo_ship 0.9983 672 435 727 454
cargo_ship 0.9970 395 393 597 454
cargo_ship 0.9820 1004 420 1049 452
cargo_ship 0.0291 980 418 1064 453
cargo_ship 0.0179 1913 423 1920 450
cargo_ship 0.0034 1912 376 1920 448
cargo_ship 0.0029 0 420 8 459
cargo_ship 0.0027 389 321 611 510
cargo_ship 0.0022 0 461 11 490
cargo_ship 0.0019 457 410 604 456
cargo_ship 0.0015 1903 324 1920 471
cargo_ship 0.0015 0 435 6 465
cargo_ship 0.0011 566 423 661 458
cargo_ship 0.0011 109 429 200 458
cargo_ship 0.0010 0 395 10 454
boat 0.9925 726 433 753 454
boat 0.9687 1014 438 1042 453
boat 0.0033 0 445 8 489
