passenger_ship 0.8936 1831 437 1916 566
passenger_ship 0.0774 1805 382 1920 617
passenger_ship 0.0490 1824 504 1913 582
passenger_ship 0.0134 1785 470 1920 575
passenger_ship 0.0132 1796 451 1920 551
passenger_ship 0.0011 1782 429 1920 522
cargo_ship 0.9991 76 498 270 541
cargo_ship 0.0059 0 493 8 545
cargo_ship 0.0016 1898 396 1920 536
special_ship 0.9968 1257 494 1299 542
special_ship 0.0083 1237 488 1327 543
boat 0.9941 443 495 507 541
boat 0.0053 1838 326 1919 569
boat 0.0035 1009 575 1081 595
