cargo_ship 0.9992 961 557 1011 571
cargo_ship 0.9992 1279 557 1332 570
cargo_ship 0.9988 907 552 943 572
cargo_ship 0.9988 1488 544 1530 570
cargo_ship 0.9954 572 519 637 572
cargo_ship 0.9813 6 434 306 585
cargo_ship 0.9635 463 423 906 606
cargo_ship 0.6594 685 541 730 571
cargo_ship 0.0125 1913 525 1920 569
cargo_ship 0.0057 0 353 53 593
cargo_ship 0.0048 584 542 637 570
cargo_ship 0.0029 686 429 907 616
cargo_ship 0.0018 472 553 505 572
cargo_ship 0.0016 900 542 948 578
cargo_ship 0.0015 0 332 328 675
cargo_ship 0.0014 1903 449 1920 588
cargo_ship 0.0012 1457 541 1547 572
cargo_ship 0.0012 1912 483 1920 556
cargo_ship 0.0011 466 447 558 602
cargo_ship 0.0010 568 540 614 570
cargo_ship 0.0010 664 538 753 575
cargo_ship 0.0010 2 318 247 579
boat 0.9985 1369 556 1395 570
boat 0.9959 1024 554 1046 571
boat 0.0016 1011 555 1043 572
boat 0.0014 525 556 555 569
