cargo_ship 0.9986 802 385 1140 504
cargo_ship 0.9983 503 376 698 469
cargo_ship 0.9923 1567 377 1913 561
cargo_ship 0.9679 1451 478 1581 526
cargo_ship 0.9289 122 317 537 480
cargo_ship 0.2010 128 321 282 467
cargo_ship 0.0143 89 252 575 542
cargo_ship 0.0059 1558 474 1920 568
cargo_ship 0.0047 0 393 14 430
cargo_ship 0.0037 0 237 1139 564
cargo_ship 0.0037 1911 507 1920 559
cargo_ship 0.0018 0 380 12 418
cargo_ship 0.0014 1562 391 1658 553
cargo_ship 0.0014 786 273 1185 623
cargo_ship 0.0013 1556 334 1920 664
cargo_ship 0.0012 923 292 1920 618
cargo_ship 0.0010 1677 393 1818 555
special_ship 0.0151 118 364 527 474
boat 0.9961 7 407 96 442
boat 0.0039 0 409 13 439
boat 0.0012 1 395 77 436
buoy 0.9814 632 518 751 655
