cargo_ship 0.9994 610 536 718 581
cargo_ship 0.9992 930 546 1075 595
cargo_ship 0.9992 1598 560 1779 614
cargo_ship 0.9980 278 483 625 586
cargo_ship 0.9976 45 490 307 575
cargo_ship 0.9964 1105 540 1271 599
cargo_ship 0.9960 1764 530 1890 634
cargo_ship 0.9957 1273 544 1514 612
cargo_ship 0.9936 1854 568 1919 623
cargo_ship 0.9531 0 527 50 561
cargo_ship 0.0631 1743 486 1883 672
cargo_ship 0.0124 2 483 56 562
cargo_ship 0.0098 1881 579 1920 617
cargo_ship 0.0095 1797 549 1920 627
cargo_ship 0.0060 42 437 298 610
cargo_ship 0.0053 371 472 539 584
cargo_ship 0.0044 9 542 52 566
cargo_ship 0.0030 0 542 25 566
cargo_ship 0.0028 1626 558 1705 616
cargo_ship 0.0018 1605 563 1680 617
cargo_ship 0.0017 0 511 55 556
cargo_ship 0.0017 382 510 416 550
cargo_ship 0.0015 32 484 117 575
cargo_ship 0.0013 1255 481 1499 674
cargo_ship 0.0013 628 549 696 573
cargo_ship 0.0011 3 529 57 579
boat 0.9862 1604 590 1669 618
boat 0.9829 1722 609 1809 640
boat 0.0282 1493 589 1521 613
boat 0.0018 41 547 65 567
boat 0.0014 1617 581 1664 603
