cargo_ship 0.9994 500 451 544 472
cargo_ship 0.9992 212 426 403 471
cargo_ship 0.9991 1835 439 1878 470
cargo_ship 0.9990 657 451 707 473
cargo_ship 0.9988 760 438 810 471
cargo_ship 0.9983 1099 444 1129 470
cargo_ship 0.9977 8 433 117 474
cargo_ship 0.9935 703 452 737 471
cargo_ship 0.9930 1166 374 1619 474
cargo_ship 0.9835 607 454 634 472
cargo_ship 0.9834 188 447 232 474
cargo_ship 0.1508 17 447 89 473
cargo_ship 0.0564 0 410 75 474
cargo_ship 0.0205 772 449 814 473
cargo_ship 0.0090 1095 438 1134 480
cargo_ship 0.0080 0 432 26 474
cargo_ship 0.0066 2 440 73 470
cargo_ship 0.0049 0 415 16 465
cargo_ship 0.0037 1817 435 1903 472
cargo_ship 0.0037 1912 438 1920 471
cargo_ship 0.0034 40 428 154 475
cargo_ship 0.0024 640 448 728 476
cargo_ship 0.0019 1911 411 1920 465
cargo_ship 0.0016 1129 251 1654 548
cargo_ship 0.0016 0 409 11 447
cargo_ship 0.0012 689 445 738 479
cargo_ship 0.0010 752 435 841 473
boat 0.9995 990 473 1078 515
boat 0.0316 0 455 27 475
