cargo_ship 0.9997 548 553 583 573
cargo_ship 0.9996 828 546 867 572
cargo_ship 0.9994 38 541 183 573
cargo_ship 0.9992 675 543 711 572
cargo_ship 0.9985 955 556 1001 571
cargo_ship 0.9983 914 551 953 571
cargo_ship 0.9973 470 557 505 573
cargo_ship 0.9960 1153 411 1626 607
cargo_ship 0.9958 603 519 657 576
cargo_ship 0.9909 126 545 199 573
cargo_ship 0.9815 0 540 22 574
cargo_ship 0.8411 1263 556 1305 569
cargo_ship 0.0444 1280 552 1337 569
cargo_ship 0.0052 1913 525 1920 569
cargo_ship 0.0050 607 542 655 572
cargo_ship 0.0046 613 368 1920 647
cargo_ship 0.0037 1914 545 1920 571
cargo_ship 0.0029 0 481 20 585
cargo_ship 0.0028 541 543 589 578
cargo_ship 0.0017 909 544 969 576
cargo_ship 0.0017 1261 560 1305 574
cargo_ship 0.0012 1159 419 1266 591
boat 0.9995 1009 555 1031 570
boat 0.1003 1320 556 1350 568
boat 0.0653 1349 556 1376 570
boat 0.0019 1346 561 1376 574
boat 0.0010 1222 557 1247 569
