cargo_ship 0.9996 404 539 488 575
cargo_ship 0.9985 1165 552 1236 572
cargo_ship 0.9979 493 552 537 575
cargo_ship 0.9935 647 429 1128 594
cargo_ship 0.9923 1426 549 1494 571
cargo_ship 0.9883 0 467 177 595
cargo_ship 0.9870 1793 530 1858 571
cargo_ship 0.8428 107 499 171 565
cargo_ship 0.0146 1913 525 1920 569
cargo_ship 0.0102 0 468 22 570
cargo_ship 0.0056 0 492 11 549
cargo_ship 0.0049 0 356 152 597
cargo_ship 0.0044 151 549 178 575
cargo_ship 0.0042 113 475 189 587
cargo_ship 0.0039 112 504 165 543
cargo_ship 0.0027 0 503 33 587
cargo_ship 0.0020 115 360 1695 655
cargo_ship 0.0017 5 473 57 568
cargo_ship 0.0016 1 524 25 568
cargo_ship 0.0016 0 556 20 591
cargo_ship 0.0015 645 414 851 593
cargo_ship 0.0015 3 529 161 596
cargo_ship 0.0011 471 547 561 576
cargo_ship 0.0011 643 426 749 582
cargo_ship 0.0010 1912 482 1920 557
boat 0.9973 1552 553 1582 571
boat 0.9957 1284 552 1316 572
boat 0.0543 162 559 182 576
boat 0.0057 150 559 174 579
boat 0.0028 709 506 852 554
boat 0.0023 1080 560 1117 584
boat 0.0010 15 533 48 560
