cargo_ship 0.9991 1055 541 1186 580
cargo_ship 0.9991 1776 555 1807 580
cargo_ship 0.9984 1245 546 1371 580
cargo_ship 0.9983 1869 544 1911 579
cargo_ship 0.9960 0 413 918 605
cargo_ship 0.9956 894 552 984 583
cargo_ship 0.9649 1563 567 1601 581
cargo_ship 0.9495 1008 553 1049 582
cargo_ship 0.1521 0 367 1124 641
cargo_ship 0.0388 1904 556 1919 582
cargo_ship 0.0063 1770 548 1811 588
cargo_ship 0.0055 1847 541 1920 581
cargo_ship 0.0032 1885 534 1918 587
cargo_ship 0.0021 995 546 1089 583
cargo_ship 0.0019 0 563 12 613
cargo_ship 0.0018 1045 541 1096 584
cargo_ship 0.0013 1053 559 1089 581
cargo_ship 0.0011 0 384 53 618
boat 0.9927 1598 566 1619 581
boat 0.0021 1092 564 1135 580
