cargo_ship 0.9996 1016 552 1206 591
cargo_ship 0.9991 810 502 1027 596
cargo_ship 0.9991 368 505 468 561
cargo_ship 0.9988 2 490 242 552
cargo_ship 0.9983 138 510 332 558
cargo_ship 0.9983 1271 561 1360 594
cargo_ship 0.9981 311 507 380 560
cargo_ship 0.9976 456 484 765 577
cargo_ship 0.9971 1200 555 1274 591
cargo_ship 0.9936 1658 562 1802 613
cargo_ship 0.9852 1785 559 1920 619
cargo_ship 0.9741 247 514 281 542
cargo_ship 0.6637 0 444 27 570
cargo_ship 0.4016 0 431 48 574
cargo_ship 0.1639 301 507 441 559
cargo_ship 0.0304 1677 553 1920 617
cargo_ship 0.0153 0 514 36 572
cargo_ship 0.0144 1910 579 1920 618
cargo_ship 0.0119 520 474 683 578
cargo_ship 0.0076 1785 497 1920 622
cargo_ship 0.0065 1907 563 1920 614
cargo_ship 0.0062 318 495 489 566
cargo_ship 0.0059 222 506 280 551
cargo_ship 0.0052 137 499 270 548
cargo_ship 0.0041 153 488 294 566
cargo_ship 0.0026 241 502 289 547
cargo_ship 0.0021 0 426 241 620
cargo_ship 0.0020 1894 548 1919 625
cargo_ship 0.0019 0 299 46 596
cargo_ship 0.0016 1693 549 1776 606
cargo_ship 0.0015 196 519 259 544
cargo_ship 0.0013 1075 550 1155 594
cargo_ship 0.0012 4 501 67 565
cargo_ship 0.0011 790 462 1012 638
cargo_ship 0.0010 1063 566 1208 596
cargo_ship 0.0010 0 468 17 545
cargo_ship 0.0010 0 394 22 539
cargo_ship 0.0010 386 520 451 549
cargo_ship 0.0010 36 457 203 554
boat 0.9991 994 572 1096 610
boat 0.7148 26 529 82 556
boat 0.0573 0 539 34 571
boat 0.0234 15 533 66 560
boat 0.0098 7 520 71 566
boat 0.0011 1002 583 1083 606
boat 0.0010 8 542 56 566
