passenger_ship 0.0010 1146 491 1406 831
cargo_ship 0.9962 809 599 1056 666
cargo_ship 0.9918 6 529 519 696
cargo_ship 0.9619 1229 585 1498 648
cargo_ship 0.3103 1881 568 1920 636
cargo_ship 0.0066 1828 574 1920 628
cargo_ship 0.0034 1844 523 1919 645
cargo_ship 0.0034 1898 564 1920 616
cargo_ship 0.0022 811 535 1056 728
cargo_ship 0.0021 0 462 1005 766
cargo_ship 0.0020 1857 553 1917 627
cargo_ship 0.0015 1865 583 1916 622
cargo_ship 0.0015 1908 552 1920 598
cargo_ship 0.0015 1290 562 1446 655
cargo_ship 0.0014 459 528 529 693
cargo_ship 0.0012 0 659 10 704
cargo_ship 0.0011 1115 597 1450 661
boat 0.9666 1107 198 1488 739
boat 0.3389 1146 685 1414 796
boat 0.2334 1197 325 1428 728
boat 0.0647 1169 198 1378 639
boat 0.0067 1117 377 1482 644
boat 0.0055 918 82 1681 840
boat 0.0033 1132 295 1336 757
boat 0.0032 1155 687 1284 795
boat 0.0011 1148 565 1406 808
