cargo_ship 0.9984 1482 552 1613 613
cargo_ship 0.9979 1616 565 1781 618
cargo_ship 0.9976 290 493 524 579
cargo_ship 0.9944 3 493 161 568
cargo_ship 0.9935 934 461 1490 611
cargo_ship 0.9899 520 472 924 601
cargo_ship 0.6758 0 511 32 572
cargo_ship 0.0085 286 440 527 609
cargo_ship 0.0070 1912 556 1920 618
cargo_ship 0.0050 0 433 166 616
cargo_ship 0.0020 474 395 961 712
cargo_ship 0.0018 0 447 21 566
cargo_ship 0.0018 1477 477 1631 679
cargo_ship 0.0015 1902 516 1919 630
cargo_ship 0.0010 0 490 18 552
cargo_ship 0.0010 450 412 1920 706
cargo_ship 0.0010 1651 562 1735 618
boat 0.9979 118 545 154 568
boat 0.0022 160 547 187 568
boat 0.0020 110 537 161 576
