passenger_ship 0.9191 2 602 439 866
passenger_ship 0.0110 0 733 256 862
passenger_ship 0.0051 0 549 884 900
passenger_ship 0.0024 3 539 230 895
passenger_ship 0.0017 181 732 432 861
passenger_ship 0.0011 0 554 47 814
cargo_ship 0.9982 1257 623 1644 704
cargo_ship 0.9968 547 639 837 702
cargo_ship 0.9841 1223 654 1284 697
cargo_ship 0.9012 59 655 375 708
cargo_ship 0.8080 1124 634 1332 698
cargo_ship 0.0447 143 650 358 696
cargo_ship 0.0176 1197 646 1420 690
cargo_ship 0.0156 1114 653 1518 700
cargo_ship 0.0127 1173 654 1304 697
cargo_ship 0.0093 157 662 207 692
cargo_ship 0.0070 1103 639 1240 694
cargo_ship 0.0068 0 493 51 772
cargo_ship 0.0037 617 620 773 705
cargo_ship 0.0036 1386 610 1537 709
cargo_ship 0.0031 0 647 255 719
cargo_ship 0.0025 548 642 674 695
cargo_ship 0.0019 1311 568 1606 748
cargo_ship 0.0016 558 563 829 754
cargo_ship 0.0015 1913 608 1920 674
cargo_ship 0.0012 218 656 375 705
cargo_ship 0.0011 0 626 26 761
cargo_ship 0.0010 16 655 205 701
cargo_ship 0.0010 1253 655 1310 697
cargo_ship 0.0010 190 646 335 721
special_ship 0.9854 1697 632 1904 710
special_ship 0.0071 1687 576 1910 742
boat 0.0027 1 824 26 863
