cargo_ship 0.9991 219 505 338 530
cargo_ship 0.9988 20 478 163 528
cargo_ship 0.9983 1685 509 1920 595
cargo_ship 0.9982 691 492 848 547
cargo_ship 0.9972 1241 512 1423 561
cargo_ship 0.9965 1420 488 1703 578
cargo_ship 0.9963 1069 502 1283 563
cargo_ship 0.9961 357 474 589 544
cargo_ship 0.9935 201 474 443 531
cargo_ship 0.9922 829 464 960 566
cargo_ship 0.9887 1137 516 1203 547
cargo_ship 0.9728 916 490 1081 550
cargo_ship 0.9663 1194 516 1244 549
cargo_ship 0.8724 1111 508 1229 555
cargo_ship 0.3107 1912 558 1920 590
cargo_ship 0.1779 0 488 23 525
cargo_ship 0.0869 1910 569 1920 595
cargo_ship 0.0273 1 503 26 526
cargo_ship 0.0179 0 468 14 523
cargo_ship 0.0154 0 459 23 529
cargo_ship 0.0081 1902 509 1920 607
cargo_ship 0.0073 1680 463 1920 637
cargo_ship 0.0046 1853 506 1920 590
cargo_ship 0.0039 4 482 65 526
cargo_ship 0.0023 1061 428 1289 620
cargo_ship 0.0014 344 406 583 588
cargo_ship 0.0012 194 396 435 598
cargo_ship 0.0011 1188 494 1246 556
cargo_ship 0.0010 1479 493 1640 595
boat 0.9979 633 523 680 544
boat 0.9921 42 532 303 631
boat 0.9886 1661 560 1695 581
boat 0.0206 12 506 49 526
boat 0.0101 624 515 691 548
boat 0.0039 653 523 694 543
