cargo_ship 0.9967 21 279 143 329
cargo_ship 0.9957 978 235 1059 282
cargo_ship 0.9946 129 251 344 326
cargo_ship 0.9833 306 109 1017 309
cargo_ship 0.9831 1171 120 1695 275
cargo_ship 0.9814 1078 203 1197 273
cargo_ship 0.9744 0 262 32 341
cargo_ship 0.0326 0 208 26 318
cargo_ship 0.0093 1059 141 1207 321
cargo_ship 0.0091 0 57 1298 334
cargo_ship 0.0079 1152 48 1771 319
cargo_ship 0.0060 18 241 143 338
cargo_ship 0.0052 1351 85 1865 296
cargo_ship 0.0051 0 207 42 358
cargo_ship 0.0028 1 252 30 307
cargo_ship 0.0024 0 274 57 329
cargo_ship 0.0012 112 187 340 375
cargo_ship 0.0011 0 287 30 363
cargo_ship 0.0010 4 282 48 344
cargo_ship 0.0010 1172 102 1270 258
special_ship 0.9566 1478 16 1920 349
special_ship 0.1956 1501 67 1719 336
special_ship 0.0068 1129 0 1920 380
special_ship 0.0034 1505 0 1788 262
special_ship 0.0027 0 959 24 1078
special_ship 0.0026 0 760 24 926
special_ship 0.0019 1475 0 1915 276
special_ship 0.0010 1465 0 1920 106
special_ship 0.0010 5 758 139 1080
boat 0.9951 521 286 588 309
boat 0.9912 404 312 494 398
boat 0.0040 385 260 521 459
boat 0.0032 414 295 483 373
buoy 0.9294 1065 643 1190 715
buoy 0.0033 1046 597 1204 776
buoy 0.0016 1066 627 1174 689
