cargo_ship 0.9996 162 449 196 475
cargo_ship 0.9993 1779 443 1825 471
cargo_ship 0.9992 217 427 398 473
cargo_ship 0.9991 1379 458 1431 472
cargo_ship 0.9989 1065 422 1231 471
cargo_ship 0.9983 1455 443 1498 471
cargo_ship 0.9962 11 434 115 476
cargo_ship 0.9912 451 381 864 478
cargo_ship 0.8784 23 449 101 475
cargo_ship 0.0304 0 407 76 477
cargo_ship 0.0262 156 442 202 481
cargo_ship 0.0091 1913 436 1920 472
cargo_ship 0.0077 32 415 132 471
cargo_ship 0.0044 1 429 22 475
cargo_ship 0.0032 0 416 13 465
cargo_ship 0.0024 1913 406 1920 471
cargo_ship 0.0020 1768 438 1851 474
cargo_ship 0.0017 1428 447 1527 476
cargo_ship 0.0015 573 368 725 477
cargo_ship 0.0015 1372 450 1436 480
cargo_ship 0.0013 1059 424 1125 472
boat 0.9984 1462 459 1485 472
boat 0.9977 1217 455 1240 472
boat 0.9942 106 461 130 476
boat 0.0882 7 457 34 477
boat 0.0067 1449 441 1503 483
boat 0.0017 1202 455 1235 472
