passenger_ship 0.2620 1884 633 1920 726
cargo_ship 0.9945 257 416 595 509
cargo_ship 0.9914 1567 432 1783 495
cargo_ship 0.9879 683 392 1156 508
cargo_ship 0.0029 638 299 1192 600
cargo_ship 0.0022 1892 578 1920 702
cargo_ship 0.0019 1765 433 1811 491
cargo_ship 0.0015 334 413 489 519
cargo_ship 0.0012 0 592 18 715
cargo_ship 0.0010 109 284 1707 623
boat 0.9990 330 512 418 587
boat 0.9982 1194 504 1294 569
boat 0.9623 1775 389 1919 479
boat 0.0726 1879 530 1919 737
boat 0.0370 1770 333 1920 502
boat 0.0213 1887 596 1920 716
boat 0.0111 1769 420 1815 483
boat 0.0082 1789 443 1918 601
boat 0.0067 1884 656 1920 726
boat 0.0047 293 442 434 659
boat 0.0018 1772 482 1791 507
boat 0.0014 345 477 433 593
boat 0.0013 1860 442 1918 719
boat 0.0012 1908 416 1920 461
boat 0.0010 1202 491 1274 555
boat 0.0010 1887 688 1920 721
buoy 0.9762 74 611 184 743
buoy 0.0014 69 589 226 776
