cargo_ship 0.9995 400 539 487 574
cargo_ship 0.9985 1166 551 1236 572
cargo_ship 0.9984 1433 550 1499 570
cargo_ship 0.9984 495 551 538 575
cargo_ship 0.9954 1799 530 1864 570
cargo_ship 0.9905 621 430 1096 594
cargo_ship 0.9903 1 467 153 592
cargo_ship 0.9327 117 496 175 576
cargo_ship 0.0595 114 510 165 558
cargo_ship 0.0324 159 552 184 575
cargo_ship 0.0200 0 554 26 594
cargo_ship 0.0177 131 529 180 580
cargo_ship 0.0125 1913 526 1920 568
cargo_ship 0.0072 0 519 32 598
cargo_ship 0.0054 0 483 30 580
cargo_ship 0.0035 0 357 141 595
cargo_ship 0.0031 1914 545 1920 571
cargo_ship 0.0016 0 535 24 585
cargo_ship 0.0016 0 511 22 556
cargo_ship 0.0014 400 547 450 573
cargo_ship 0.0014 1 409 82 598
cargo_ship 0.0012 471 545 561 577
cargo_ship 0.0010 0 443 21 568
cargo_ship 0.0010 0 491 16 549
boat 0.9992 1558 554 1587 571
boat 0.9945 1286 551 1318 572
boat 0.0026 1054 560 1091 583
boat 0.0025 1058 552 1091 573
