cargo_ship 0.9997 514 451 555 475
cargo_ship 0.9995 166 446 204 474
cargo_ship 0.9995 1792 442 1836 471
cargo_ship 0.9992 217 426 398 471
cargo_ship 0.9990 1084 421 1251 471
cargo_ship 0.9986 7 432 114 474
cargo_ship 0.9986 1462 442 1504 469
cargo_ship 0.9984 1383 457 1436 472
cargo_ship 0.9893 594 380 1016 477
cargo_ship 0.9356 577 453 606 476
cargo_ship 0.4875 12 447 95 474
cargo_ship 0.0380 0 413 91 472
cargo_ship 0.0117 1470 452 1507 471
cargo_ship 0.0103 1913 434 1920 472
cargo_ship 0.0041 25 415 133 472
cargo_ship 0.0028 1768 437 1857 473
cargo_ship 0.0024 1429 450 1527 474
cargo_ship 0.0017 53 441 120 470
cargo_ship 0.0016 0 433 25 474
cargo_ship 0.0013 720 367 868 477
cargo_ship 0.0013 0 416 14 464
cargo_ship 0.0012 636 333 956 501
cargo_ship 0.0012 2 440 73 470
boat 0.9989 79 459 106 475
boat 0.9981 1467 458 1488 470
boat 0.0480 1 457 30 476
boat 0.0037 1456 442 1503 482
