cargo_ship 0.9994 1785 443 1831 472
cargo_ship 0.9994 164 449 200 475
cargo_ship 0.9992 217 428 399 472
cargo_ship 0.9992 1072 422 1242 471
cargo_ship 0.9990 1381 458 1433 473
cargo_ship 0.9977 1458 443 1501 471
cargo_ship 0.9915 9 434 112 476
cargo_ship 0.9902 527 386 951 480
cargo_ship 0.9594 20 449 95 476
cargo_ship 0.7162 518 452 545 476
cargo_ship 0.0188 0 407 76 477
cargo_ship 0.0133 1913 434 1920 473
cargo_ship 0.0057 38 429 159 478
cargo_ship 0.0031 1768 438 1855 474
cargo_ship 0.0026 1 430 23 475
cargo_ship 0.0024 0 418 13 464
cargo_ship 0.0022 1428 447 1527 476
cargo_ship 0.0020 65 455 110 476
cargo_ship 0.0018 2 442 73 480
cargo_ship 0.0016 516 429 554 479
cargo_ship 0.0016 1375 450 1438 479
cargo_ship 0.0014 666 368 819 477
cargo_ship 0.0013 580 336 902 499
cargo_ship 0.0010 1471 454 1505 472
boat 0.9979 1464 459 1489 472
boat 0.9971 89 461 115 476
boat 0.1667 6 458 34 477
boat 0.0089 1451 441 1504 482
boat 0.0013 51 449 164 478
