cargo_ship 0.9994 609 536 716 582
cargo_ship 0.9993 930 549 1075 595
cargo_ship 0.9984 1591 561 1777 614
cargo_ship 0.9978 276 484 623 587
cargo_ship 0.9975 1103 541 1270 599
cargo_ship 0.9975 43 493 304 576
cargo_ship 0.9963 1267 541 1506 612
cargo_ship 0.9952 1852 564 1917 619
cargo_ship 0.9926 1750 528 1886 638
cargo_ship 0.9502 0 525 43 561
cargo_ship 0.0169 1882 579 1918 617
cargo_ship 0.0090 7 542 51 567
cargo_ship 0.0073 1602 560 1685 617
cargo_ship 0.0072 0 478 34 565
cargo_ship 0.0053 40 437 298 610
cargo_ship 0.0050 370 473 539 584
cargo_ship 0.0023 1734 503 1894 696
cargo_ship 0.0022 1809 554 1920 621
cargo_ship 0.0020 0 540 32 568
cargo_ship 0.0019 628 548 695 573
cargo_ship 0.0018 0 507 75 561
cargo_ship 0.0018 1254 482 1497 673
cargo_ship 0.0018 3 530 56 579
cargo_ship 0.0013 1078 483 1280 669
cargo_ship 0.0013 45 500 113 564
boat 0.9754 1813 610 1908 642
boat 0.9528 1616 593 1689 622
boat 0.1740 1608 582 1723 619
boat 0.0224 1804 615 1879 638
boat 0.0038 1490 589 1522 611
boat 0.0027 25 672 143 713
boat 0.0024 1850 586 1919 636
boat 0.0020 2 657 120 708
boat 0.0018 1831 605 1898 631
boat 0.0010 41 549 70 568
buoy 0.0017 4 603 136 719
