cargo_ship 0.9997 1483 580 1690 621
cargo_ship 0.9996 1627 573 1820 618
cargo_ship 0.9995 124 525 219 569
cargo_ship 0.9994 427 535 570 582
cargo_ship 0.9994 1386 569 1599 609
cargo_ship 0.9989 1099 551 1290 602
cargo_ship 0.9984 606 529 767 584
cargo_ship 0.9968 761 531 1001 598
cargo_ship 0.9941 3 502 142 572
cargo_ship 0.9932 1273 520 1421 629
cargo_ship 0.9699 1818 552 1919 625
cargo_ship 0.9114 375 558 432 579
cargo_ship 0.8815 623 557 740 587
cargo_ship 0.7042 1714 574 1839 622
cargo_ship 0.0677 1427 562 1620 596
cargo_ship 0.0280 1826 585 1920 634
cargo_ship 0.0116 0 433 147 615
cargo_ship 0.0055 0 465 25 575
cargo_ship 0.0036 1792 488 1920 676
cargo_ship 0.0027 0 502 12 565
cargo_ship 0.0025 759 464 1010 639
cargo_ship 0.0024 1689 565 1813 637
cargo_ship 0.0020 1443 550 1569 622
cargo_ship 0.0016 1496 563 1626 636
cargo_ship 0.0012 1708 591 1771 613
cargo_ship 0.0012 598 455 782 647
cargo_ship 0.0010 1440 564 1516 613
boat 0.9848 1481 552 1919 765
boat 0.7239 1012 581 1040 599
boat 0.0018 1000 497 1920 842
boat 0.0016 0 563 9 607
