cargo_ship 0.9894 1629 271 1920 368
cargo_ship 0.9753 119 82 1463 424
cargo_ship 0.6425 0 242 159 392
cargo_ship 0.0050 118 233 194 393
cargo_ship 0.0049 1900 341 1920 367
cargo_ship 0.0033 1847 258 1920 372
cargo_ship 0.0033 3 132 215 386
cargo_ship 0.0028 378 150 1441 347
cargo_ship 0.0027 1893 282 1919 376
cargo_ship 0.0024 0 130 56 387
cargo_ship 0.0013 0 348 8 395
cargo_ship 0.0013 0 242 30 366
cargo_ship 0.0012 73 208 1195 396
cargo_ship 0.0011 2 158 130 364
boat 0.9984 1017 377 1125 414
boat 0.9981 1464 359 1663 412
boat 0.0051 1500 352 1536 367
boat 0.0043 1457 349 1603 399
boat 0.0017 1499 358 1548 379
boat 0.0015 1446 297 1675 479
boat 0.0015 1491 349 1521 365
boat 0.0010 0 376 8 418
boat 0.0010 0 367 7 400
