cargo_ship 0.9981 100 436 295 528
cargo_ship 0.9963 348 500 411 528
cargo_ship 0.9957 394 443 741 561
cargo_ship 0.9956 1700 584 1866 624
cargo_ship 0.9934 1623 528 1714 618
cargo_ship 0.9898 1146 436 1530 620
cargo_ship 0.0077 1580 518 1744 613
cargo_ship 0.0074 1593 473 1726 681
cargo_ship 0.0069 1149 527 1549 622
cargo_ship 0.0041 472 438 636 559
cargo_ship 0.0025 1621 592 1816 626
cargo_ship 0.0024 1408 207 1509 321
cargo_ship 0.0021 75 388 286 554
cargo_ship 0.0018 1910 580 1920 621
cargo_ship 0.0016 1913 543 1919 601
cargo_ship 0.0013 1913 564 1920 612
cargo_ship 0.0012 1909 595 1920 633
cargo_ship 0.0012 1365 223 1484 341
cargo_ship 0.0010 0 476 35 536
special_ship 0.7596 0 496 152 548
special_ship 0.6092 0 398 135 553
special_ship 0.0072 0 373 19 532
special_ship 0.0072 1 338 76 555
special_ship 0.0072 0 428 250 535
special_ship 0.0019 0 242 87 598
boat 0.9887 298 526 368 586
boat 0.0077 1 500 32 538
buoy 0.9901 229 588 337 720
buoy 0.0026 205 570 341 790
buoy 0.0017 1715 1032 1765 1080
buoy 0.0010 1721 1042 1758 1073
