cargo_ship 0.9958 1069 378 1193 415
cargo_ship 0.9814 62 248 692 382
cargo_ship 0.9764 1337 271 1856 424
cargo_ship 0.9717 475 253 1095 416
cargo_ship 0.9325 1781 187 1920 489
cargo_ship 0.9322 57 316 391 394
cargo_ship 0.2463 396 254 820 421
cargo_ship 0.0674 1770 331 1919 496
cargo_ship 0.0623 43 254 404 403
cargo_ship 0.0288 1299 173 1912 436
cargo_ship 0.0145 1833 162 1920 411
cargo_ship 0.0056 12 175 725 417
cargo_ship 0.0035 497 319 762 417
cargo_ship 0.0034 1766 212 1861 466
cargo_ship 0.0030 1829 250 1920 478
cargo_ship 0.0029 0 331 67 385
cargo_ship 0.0027 29 223 232 403
cargo_ship 0.0027 1753 304 1920 425
cargo_ship 0.0020 0 351 12 387
cargo_ship 0.0017 0 201 1489 488
cargo_ship 0.0017 4 355 66 381
cargo_ship 0.0015 1744 258 1895 519
cargo_ship 0.0015 809 186 1920 503
cargo_ship 0.0015 100 334 354 381
cargo_ship 0.0014 0 316 11 372
boat 0.9795 1729 531 1837 567
boat 0.9523 454 304 705 423
boat 0.4745 232 493 377 536
boat 0.0037 143 483 386 556
boat 0.0024 262 488 339 531
boat 0.0023 1646 537 1844 572
boat 0.0014 1903 539 1920 579
boat 0.0013 254 483 375 562
boat 0.0011 489 202 690 430
boat 0.0010 1632 527 1808 564
