cargo_ship 0.9996 516 454 553 474
cargo_ship 0.9995 169 446 208 474
cargo_ship 0.9994 1795 442 1840 471
cargo_ship 0.9989 218 427 399 471
cargo_ship 0.9989 1089 422 1256 471
cargo_ship 0.9979 1386 457 1438 472
cargo_ship 0.9956 1464 442 1506 470
cargo_ship 0.9954 7 432 108 475
cargo_ship 0.9887 642 380 1065 477
cargo_ship 0.9880 581 455 606 474
cargo_ship 0.0552 50 428 121 477
cargo_ship 0.0247 19 443 92 469
cargo_ship 0.0239 4 453 63 475
cargo_ship 0.0203 0 404 76 480
cargo_ship 0.0195 1 453 34 477
cargo_ship 0.0123 1914 434 1920 473
cargo_ship 0.0078 2 440 75 479
cargo_ship 0.0039 1772 438 1856 473
cargo_ship 0.0039 0 432 28 475
cargo_ship 0.0029 5 412 148 480
cargo_ship 0.0025 509 446 561 481
cargo_ship 0.0025 0 414 16 465
cargo_ship 0.0016 0 409 12 447
cargo_ship 0.0015 1430 449 1527 474
cargo_ship 0.0012 768 367 916 477
cargo_ship 0.0011 684 333 1005 501
boat 0.9997 70 457 98 475
boat 0.9966 1469 459 1490 471
boat 0.0174 30 448 139 476
boat 0.0020 1458 442 1504 482
boat 0.0015 59 443 110 482
