cargo_ship 0.9996 162 449 196 475
cargo_ship 0.9994 1780 443 1825 472
cargo_ship 0.9992 217 428 399 473
cargo_ship 0.9991 1379 458 1431 473
cargo_ship 0.9988 1065 422 1232 472
cargo_ship 0.9984 1456 442 1498 471
cargo_ship 0.9947 12 436 114 476
cargo_ship 0.9843 459 380 874 478
cargo_ship 0.0293 156 442 202 480
cargo_ship 0.0283 22 444 94 470
cargo_ship 0.0148 33 430 162 477
cargo_ship 0.0127 0 409 77 475
cargo_ship 0.0115 1914 434 1920 474
cargo_ship 0.0064 49 452 110 475
cargo_ship 0.0034 0 419 13 463
cargo_ship 0.0027 1 432 23 474
cargo_ship 0.0027 1913 405 1920 472
cargo_ship 0.0018 1430 439 1523 473
cargo_ship 0.0016 1768 439 1852 474
cargo_ship 0.0016 1372 450 1436 480
cargo_ship 0.0013 5 439 73 470
boat 0.9981 1462 459 1485 473
boat 0.9787 1216 455 1239 473
boat 0.9785 100 460 126 475
boat 0.4388 6 459 34 477
boat 0.0088 1449 440 1502 483
boat 0.0043 111 460 135 475
boat 0.0011 44 447 163 478
boat 0.0010 1218 446 1242 469
