passenger_ship 0.9702 389 583 853 845
passenger_ship 0.0099 0 558 1320 879
cargo_ship 0.9984 1261 623 1646 705
cargo_ship 0.9971 135 653 377 712
cargo_ship 0.9781 1224 647 1289 696
cargo_ship 0.9532 1095 642 1262 696
cargo_ship 0.9450 563 645 837 699
cargo_ship 0.1625 1098 638 1447 700
cargo_ship 0.0251 1250 645 1408 693
cargo_ship 0.0230 0 648 9 712
cargo_ship 0.0229 1158 646 1326 694
cargo_ship 0.0124 0 607 16 729
cargo_ship 0.0076 437 619 758 708
cargo_ship 0.0070 474 590 620 725
cargo_ship 0.0057 445 556 641 769
cargo_ship 0.0044 1386 610 1538 710
cargo_ship 0.0035 420 643 662 724
cargo_ship 0.0032 661 659 851 698
cargo_ship 0.0023 1311 569 1608 747
cargo_ship 0.0016 1912 677 1920 710
cargo_ship 0.0015 138 587 383 783
cargo_ship 0.0011 1913 607 1920 675
cargo_ship 0.0011 1138 648 1596 706
special_ship 0.9876 1702 632 1907 710
special_ship 0.0079 1689 576 1911 742
boat 0.9870 38 689 98 711
boat 0.0075 30 684 127 714
boat 0.0011 0 691 10 720
