cargo_ship 0.9992 217 505 336 531
cargo_ship 0.9990 21 478 163 529
cargo_ship 0.9984 691 492 848 548
cargo_ship 0.9982 1684 510 1920 596
cargo_ship 0.9964 1070 502 1283 564
cargo_ship 0.9962 1419 489 1701 579
cargo_ship 0.9959 357 475 590 544
cargo_ship 0.9958 1243 516 1428 564
cargo_ship 0.9928 198 475 439 530
cargo_ship 0.9924 829 465 961 567
cargo_ship 0.9856 910 492 1084 551
cargo_ship 0.9726 1193 517 1245 550
cargo_ship 0.9504 1137 516 1204 548
cargo_ship 0.8091 1107 508 1233 557
cargo_ship 0.1220 0 488 24 525
cargo_ship 0.1158 1911 554 1920 592
cargo_ship 0.0992 5 480 64 527
cargo_ship 0.0405 2 505 27 526
cargo_ship 0.0168 1853 505 1920 593
cargo_ship 0.0134 0 468 16 523
cargo_ship 0.0072 1679 463 1920 637
cargo_ship 0.0067 1122 507 1436 562
cargo_ship 0.0063 1900 508 1920 607
cargo_ship 0.0036 238 460 388 538
cargo_ship 0.0022 1181 508 1285 556
cargo_ship 0.0022 1062 429 1288 619
cargo_ship 0.0013 343 407 584 588
cargo_ship 0.0012 192 394 434 600
boat 0.9989 641 524 690 545
boat 0.9940 181 539 419 634
boat 0.9863 1660 561 1695 583
boat 0.1325 1906 572 1920 598
boat 0.0117 10 508 45 526
boat 0.0103 632 516 698 549
boat 0.0077 1666 551 1699 579
boat 0.0060 1425 552 1446 572
boat 0.0015 707 525 748 546
