cargo_ship 0.9997 550 554 588 573
cargo_ship 0.9996 828 546 869 572
cargo_ship 0.9995 1508 543 1549 568
cargo_ship 0.9994 676 544 717 572
cargo_ship 0.9992 35 539 182 574
cargo_ship 0.9983 913 551 951 572
cargo_ship 0.9975 470 557 504 573
cargo_ship 0.9950 1005 414 1469 607
cargo_ship 0.9948 598 519 652 575
cargo_ship 0.9908 955 556 1002 571
cargo_ship 0.9388 0 417 57 590
cargo_ship 0.9089 112 541 206 574
cargo_ship 0.0112 2 501 54 589
cargo_ship 0.0089 1913 526 1920 568
cargo_ship 0.0041 0 405 25 551
cargo_ship 0.0036 1146 555 1186 570
cargo_ship 0.0031 0 368 75 631
cargo_ship 0.0027 0 460 168 545
cargo_ship 0.0027 414 365 1920 651
cargo_ship 0.0020 544 544 593 577
cargo_ship 0.0020 603 543 650 572
cargo_ship 0.0016 963 560 1010 574
cargo_ship 0.0013 905 543 955 577
cargo_ship 0.0013 2 454 101 586
cargo_ship 0.0013 1475 540 1575 572
cargo_ship 0.0012 998 416 1082 593
cargo_ship 0.0012 1903 450 1920 588
cargo_ship 0.0011 1913 484 1920 555
special_ship 0.0078 1461 554 1475 569
boat 0.0033 1004 552 1035 568
boat 0.0019 1024 555 1066 568
