cargo_ship 0.9980 1448 426 1642 507
cargo_ship 0.9966 644 433 753 497
cargo_ship 0.0120 0 460 6 496
cargo_ship 0.0071 1445 382 1659 555
cargo_ship 0.0052 0 436 7 496
cargo_ship 0.0043 1911 477 1920 507
cargo_ship 0.0015 621 356 772 582
cargo_ship 0.0011 0 391 16 512
cargo_ship 0.0010 1912 432 1919 497
special_ship 0.9862 199 474 225 497
boat 0.9893 1710 507 1748 536
boat 0.9843 1658 491 1689 508
boat 0.9789 1045 373 1129 530
boat 0.0345 994 390 1171 510
boat 0.0138 1899 597 1920 632
boat 0.0071 1016 358 1148 575
boat 0.0061 1046 414 1104 517
boat 0.0037 1903 609 1920 636
boat 0.0036 1038 487 1135 527
boat 0.0016 1888 561 1920 639
boat 0.0012 1898 577 1919 626
boat 0.0010 1706 503 1755 549
