cargo_ship 0.9995 502 890 642 930
cargo_ship 0.9959 674 877 902 935
cargo_ship 0.9955 1537 878 1601 935
cargo_ship 0.9929 1723 875 1826 947
cargo_ship 0.9806 1874 866 1920 932
cargo_ship 0.9762 1517 913 1546 933
cargo_ship 0.0057 1855 915 1882 931
cargo_ship 0.0039 1864 880 1920 930
cargo_ship 0.0037 1727 801 1854 1004
cargo_ship 0.0022 0 894 16 927
cargo_ship 0.0020 671 803 908 1000
cargo_ship 0.0011 0 858 24 936
special_ship 0.9984 42 833 214 939
special_ship 0.9931 939 758 1481 954
special_ship 0.9792 212 834 368 939
special_ship 0.9763 1587 855 1716 940
special_ship 0.0491 1577 812 1731 988
special_ship 0.0269 944 756 1196 944
special_ship 0.0038 1901 743 1920 916
special_ship 0.0029 1888 811 1919 931
special_ship 0.0022 1870 744 1920 954
special_ship 0.0015 527 696 1871 980
special_ship 0.0010 1900 628 1920 815
boat 0.9995 289 927 343 951
boat 0.9994 309 935 417 996
boat 0.4012 1602 988 1640 1006
boat 0.0619 297 918 345 941
boat 0.0011 262 922 349 953
boat 0.0010 1908 939 1920 961
buoy 0.9949 453 997 492 1018
buoy 0.9735 1746 974 1779 992
buoy 0.5517 1601 990 1640 1008
buoy 0.0040 446 988 498 1023
buoy 0.0017 1739 961 1786 999
