cargo_ship 0.9985 278 598 323 626
cargo_ship 0.9985 1541 575 1620 620
cargo_ship 0.9980 680 583 740 626
cargo_ship 0.9965 434 554 552 624
cargo_ship 0.9908 1849 573 1919 617
cargo_ship 0.9907 913 531 1010 620
cargo_ship 0.9846 1182 533 1282 618
cargo_ship 0.9536 1266 534 1368 618
cargo_ship 0.0258 0 598 7 630
cargo_ship 0.0094 905 479 1036 676
cargo_ship 0.0085 256 594 344 629
cargo_ship 0.0079 1156 476 1299 680
cargo_ship 0.0076 430 486 570 675
cargo_ship 0.0041 1240 475 1393 680
cargo_ship 0.0041 354 599 388 625
cargo_ship 0.0028 1146 515 1320 616
cargo_ship 0.0028 891 517 1052 613
cargo_ship 0.0020 0 527 16 646
cargo_ship 0.0018 1219 517 1413 614
cargo_ship 0.0016 0 611 9 634
cargo_ship 0.0014 0 551 8 623
cargo_ship 0.0014 1842 533 1920 623
cargo_ship 0.0013 1891 571 1917 609
cargo_ship 0.0011 1910 527 1919 591
