passenger_ship 0.8840 4 585 466 867
passenger_ship 0.0077 0 546 879 899
passenger_ship 0.0054 0 734 269 863
passenger_ship 0.0029 218 733 463 861
passenger_ship 0.0012 0 596 244 888
passenger_ship 0.0011 2 509 144 920
cargo_ship 0.9986 1260 625 1648 703
cargo_ship 0.9968 547 640 838 702
cargo_ship 0.9874 1222 654 1284 697
cargo_ship 0.9452 46 654 380 708
cargo_ship 0.6772 1125 635 1317 699
cargo_ship 0.4509 1186 650 1332 694
cargo_ship 0.4195 1135 637 1497 698
cargo_ship 0.0922 136 652 363 694
cargo_ship 0.0067 1 519 61 747
cargo_ship 0.0052 1387 611 1536 709
cargo_ship 0.0051 0 555 370 812
cargo_ship 0.0047 212 656 374 704
cargo_ship 0.0040 0 619 242 708
cargo_ship 0.0038 1251 646 1406 690
cargo_ship 0.0033 616 621 774 706
cargo_ship 0.0027 1313 567 1607 749
cargo_ship 0.0022 1099 640 1244 695
cargo_ship 0.0022 1262 661 1309 693
cargo_ship 0.0018 0 514 145 860
cargo_ship 0.0015 557 565 831 753
cargo_ship 0.0014 0 540 25 657
cargo_ship 0.0012 0 544 120 725
cargo_ship 0.0011 153 656 214 699
cargo_ship 0.0011 1912 609 1920 673
cargo_ship 0.0010 1196 633 1416 682
cargo_ship 0.0010 1317 638 1632 677
special_ship 0.9858 1697 631 1904 711
special_ship 0.0068 1687 576 1910 742
boat 0.0010 1 822 25 866
