cargo_ship 0.9976 99 437 293 528
cargo_ship 0.9976 348 501 410 530
cargo_ship 0.9957 393 443 740 562
cargo_ship 0.9910 1620 527 1712 619
cargo_ship 0.9903 1146 437 1530 621
cargo_ship 0.5281 1612 583 1856 630
cargo_ship 0.0161 1414 225 1514 334
cargo_ship 0.0094 1580 518 1743 612
cargo_ship 0.0065 1591 474 1727 680
cargo_ship 0.0057 1150 527 1548 622
cargo_ship 0.0048 1619 534 1795 623
cargo_ship 0.0042 472 437 636 560
cargo_ship 0.0025 76 389 285 553
cargo_ship 0.0023 1619 571 1724 623
cargo_ship 0.0018 1914 542 1919 601
cargo_ship 0.0010 1913 578 1920 622
special_ship 0.7806 0 497 150 548
special_ship 0.5840 0 396 133 554
special_ship 0.0090 1 339 77 554
special_ship 0.0060 0 371 19 534
special_ship 0.0045 0 428 252 534
special_ship 0.0019 0 245 87 596
boat 0.9833 280 527 348 587
boat 0.1431 1136 570 1194 597
boat 0.0197 283 530 335 570
boat 0.0032 1 500 31 538
boat 0.0014 293 551 345 587
buoy 0.9728 230 585 337 722
buoy 0.0017 205 568 343 791
buoy 0.0012 212 597 372 683
