cargo_ship 0.9971 1463 531 1508 568
cargo_ship 0.9963 614 516 683 573
cargo_ship 0.9913 1559 468 1663 566
cargo_ship 0.9883 507 477 593 569
cargo_ship 0.9810 1652 511 1725 573
cargo_ship 0.9803 1036 485 1145 575
cargo_ship 0.8685 0 463 25 572
cargo_ship 0.0755 0 477 18 539
cargo_ship 0.0310 0 538 19 574
cargo_ship 0.0224 1037 514 1105 572
cargo_ship 0.0145 0 418 38 585
cargo_ship 0.0119 1539 426 1681 619
cargo_ship 0.0082 1015 427 1152 624
cargo_ship 0.0055 1659 528 1720 563
cargo_ship 0.0051 485 420 618 629
cargo_ship 0.0036 1438 536 1519 570
cargo_ship 0.0031 1912 504 1920 560
cargo_ship 0.0022 1585 491 1811 568
cargo_ship 0.0021 1049 474 1130 545
cargo_ship 0.0020 1910 526 1920 565
cargo_ship 0.0013 0 640 20 670
cargo_ship 0.0012 0 415 20 542
cargo_ship 0.0011 3 469 54 570
cargo_ship 0.0011 1651 441 1735 573
cargo_ship 0.0010 1913 475 1920 537
cargo_ship 0.0010 457 463 649 559
boat 0.9627 1076 537 1145 585
boat 0.0051 1088 535 1134 567
