cargo_ship 0.9985 536 598 642 657
cargo_ship 0.9945 3 540 132 658
cargo_ship 0.9931 1815 584 1920 650
cargo_ship 0.9928 830 505 980 657
cargo_ship 0.9807 1276 509 1483 656
cargo_ship 0.0362 0 614 128 663
cargo_ship 0.0133 0 535 20 637
cargo_ship 0.0084 1808 514 1920 658
cargo_ship 0.0068 1274 538 1389 659
cargo_ship 0.0067 0 554 10 620
cargo_ship 0.0011 0 605 28 672
cargo_ship 0.0010 0 567 31 656
cargo_ship 0.0010 1 614 19 665
cargo_ship 0.0010 1901 607 1920 648
cargo_ship 0.0010 29 546 288 661
