cargo_ship 0.9956 1069 377 1200 413
cargo_ship 0.9888 64 246 692 384
cargo_ship 0.9737 475 250 1095 413
cargo_ship 0.9727 1340 269 1877 424
cargo_ship 0.9248 1784 189 1920 486
cargo_ship 0.6852 57 314 390 393
cargo_ship 0.2364 408 251 821 419
cargo_ship 0.0744 1772 333 1920 494
cargo_ship 0.0610 498 315 753 419
cargo_ship 0.0483 47 253 416 402
cargo_ship 0.0216 1833 159 1920 413
cargo_ship 0.0121 106 250 712 325
cargo_ship 0.0041 55 238 196 388
cargo_ship 0.0036 7 213 733 465
cargo_ship 0.0026 1755 304 1920 425
cargo_ship 0.0025 1341 197 1920 481
cargo_ship 0.0014 0 199 1484 490
cargo_ship 0.0014 1767 217 1862 462
cargo_ship 0.0014 824 185 1920 503
cargo_ship 0.0011 0 334 12 380
boat 0.9919 1728 525 1859 563
boat 0.9799 468 304 722 422
boat 0.9452 297 495 441 534
boat 0.0258 1731 535 1800 557
boat 0.0043 490 205 693 428
boat 0.0034 311 495 384 535
boat 0.0031 186 490 448 551
boat 0.0026 1666 526 1828 561
boat 0.0012 1771 533 1852 558
boat 0.0011 1699 515 1906 590
