cargo_ship 0.9989 1623 571 1793 620
cargo_ship 0.9985 1483 552 1611 614
cargo_ship 0.9975 287 503 523 580
cargo_ship 0.9960 0 499 155 567
cargo_ship 0.9929 928 472 1483 616
cargo_ship 0.9918 517 483 917 605
cargo_ship 0.0818 0 497 28 570
cargo_ship 0.0105 1912 558 1920 617
cargo_ship 0.0093 889 421 1516 685
cargo_ship 0.0086 0 519 19 568
cargo_ship 0.0054 0 434 164 615
cargo_ship 0.0028 284 442 528 608
cargo_ship 0.0021 0 493 16 549
cargo_ship 0.0020 475 393 960 716
cargo_ship 0.0017 1489 537 1610 591
cargo_ship 0.0016 1478 477 1629 680
cargo_ship 0.0015 1652 555 1920 620
cargo_ship 0.0014 1901 542 1919 630
cargo_ship 0.0011 444 413 1920 706
boat 0.9933 124 548 159 570
boat 0.0106 155 548 186 570
boat 0.0012 118 540 177 575
