cargo_ship 0.9995 608 537 715 582
cargo_ship 0.9991 930 545 1074 595
cargo_ship 0.9982 1586 561 1763 613
cargo_ship 0.9979 1103 541 1268 598
cargo_ship 0.9976 273 484 622 587
cargo_ship 0.9974 42 493 303 576
cargo_ship 0.9963 1266 541 1505 613
cargo_ship 0.9961 1750 528 1884 640
cargo_ship 0.9908 1849 564 1918 628
cargo_ship 0.9582 0 525 43 561
cargo_ship 0.0741 1883 560 1918 636
cargo_ship 0.0127 1648 570 1773 619
cargo_ship 0.0063 6 541 50 567
cargo_ship 0.0060 40 437 297 611
cargo_ship 0.0053 0 479 35 565
cargo_ship 0.0050 1900 577 1919 623
cargo_ship 0.0042 370 473 539 584
cargo_ship 0.0029 1602 559 1685 617
cargo_ship 0.0026 626 548 695 574
cargo_ship 0.0025 0 541 30 568
cargo_ship 0.0025 0 512 54 557
cargo_ship 0.0022 1253 482 1496 672
cargo_ship 0.0017 0 506 76 561
cargo_ship 0.0015 1809 553 1920 624
cargo_ship 0.0013 375 496 427 568
cargo_ship 0.0013 2 530 55 579
cargo_ship 0.0012 1079 483 1278 670
cargo_ship 0.0011 380 511 421 550
cargo_ship 0.0011 45 499 112 565
cargo_ship 0.0011 1104 566 1240 602
boat 0.9936 1624 593 1697 622
boat 0.7516 1856 614 1920 642
boat 0.5976 1611 583 1723 620
boat 0.0116 1875 602 1920 647
boat 0.0090 1898 592 1920 636
boat 0.0066 1837 614 1884 644
