cargo_ship 0.9997 161 447 195 475
cargo_ship 0.9993 1379 458 1430 473
cargo_ship 0.9990 219 428 396 474
cargo_ship 0.9989 1058 423 1224 471
cargo_ship 0.9984 1775 443 1820 472
cargo_ship 0.9978 1455 443 1497 471
cargo_ship 0.9901 395 386 814 480
cargo_ship 0.9846 21 450 97 476
cargo_ship 0.9661 10 434 110 477
cargo_ship 0.0376 36 428 159 477
cargo_ship 0.0162 0 406 75 479
cargo_ship 0.0098 1913 434 1920 473
cargo_ship 0.0066 1447 440 1502 483
cargo_ship 0.0025 1913 405 1920 471
cargo_ship 0.0020 1428 447 1527 476
cargo_ship 0.0018 524 368 676 477
cargo_ship 0.0018 1749 444 1833 474
cargo_ship 0.0016 441 336 760 499
cargo_ship 0.0016 0 428 25 476
cargo_ship 0.0016 1372 450 1436 480
cargo_ship 0.0011 0 415 17 466
boat 0.9991 118 462 143 476
boat 0.9981 1460 459 1483 473
boat 0.9972 1216 454 1239 472
boat 0.0997 7 457 49 477
