cargo_ship 0.9946 256 417 594 508
cargo_ship 0.9912 1567 434 1783 495
cargo_ship 0.9883 679 392 1153 508
cargo_ship 0.0029 636 299 1190 601
cargo_ship 0.0016 334 414 488 518
special_ship 0.0013 0 958 252 1067
special_ship 0.0010 0 936 21 1074
boat 0.9991 261 512 344 577
boat 0.9976 1015 509 1149 579
boat 0.9584 1772 387 1918 480
boat 0.0186 1773 291 1919 493
boat 0.0074 1768 421 1814 482
boat 0.0058 1787 444 1920 603
boat 0.0047 1000 454 1161 644
boat 0.0033 267 527 337 564
boat 0.0019 236 505 391 583
boat 0.0012 1909 418 1920 459
boat 0.0010 1772 482 1792 508
buoy 0.9280 80 577 190 731
buoy 0.0136 51 560 197 800
buoy 0.0049 101 563 170 686
