cargo_ship 0.9948 258 418 594 509
cargo_ship 0.9920 1567 433 1783 495
cargo_ship 0.9879 683 392 1156 508
cargo_ship 0.0029 638 299 1192 600
cargo_ship 0.0025 1767 432 1811 492
cargo_ship 0.0016 334 414 489 519
cargo_ship 0.0012 0 588 20 720
cargo_ship 0.0010 274 383 556 555
cargo_ship 0.0010 108 284 1707 623
special_ship 0.0049 1779 237 1916 493
boat 0.9984 328 513 415 588
boat 0.9982 1188 505 1293 570
boat 0.9627 1775 388 1918 479
boat 0.0132 1765 354 1920 527
boat 0.0102 1770 420 1815 483
boat 0.0093 1789 445 1918 600
boat 0.0044 292 443 434 659
boat 0.0038 1773 483 1793 508
boat 0.0014 1156 434 1308 620
boat 0.0013 0 701 14 735
buoy 0.9464 72 610 180 746
