cargo_ship 0.9955 1036 520 1211 561
cargo_ship 0.9898 319 416 435 565
cargo_ship 0.9733 589 488 682 557
cargo_ship 0.3171 0 492 27 571
cargo_ship 0.0427 0 428 21 559
cargo_ship 0.0299 0 518 19 568
cargo_ship 0.0056 0 412 42 586
cargo_ship 0.0056 1913 528 1920 564
cargo_ship 0.0046 0 474 18 541
cargo_ship 0.0044 0 499 62 571
cargo_ship 0.0027 576 417 712 631
cargo_ship 0.0020 0 457 13 531
cargo_ship 0.0020 1912 483 1920 555
cargo_ship 0.0012 5 524 101 566
cargo_ship 0.0011 1903 433 1920 578
boat 0.9891 1270 508 1325 564
