cargo_ship 0.9995 1131 348 1331 391
cargo_ship 0.9880 58 232 883 429
cargo_ship 0.9776 1624 276 1920 392
cargo_ship 0.0299 0 204 1157 469
cargo_ship 0.0084 1653 170 1919 404
cargo_ship 0.0070 43 288 105 439
cargo_ship 0.0053 1624 246 1699 389
cargo_ship 0.0033 1914 354 1920 389
cargo_ship 0.0029 1672 242 1842 391
cargo_ship 0.0011 1192 346 1275 394
special_ship 0.0010 1903 215 1920 363
boat 0.9991 1236 380 1365 423
boat 0.8600 1444 351 1472 386
boat 0.4909 1435 374 1458 388
boat 0.3532 1452 342 1476 381
boat 0.0095 1284 378 1330 394
boat 0.0028 1258 377 1309 392
boat 0.0013 1894 515 1920 549
boat 0.0010 1911 372 1920 392
