cargo_ship 0.9967 615 512 686 570
cargo_ship 0.9877 1557 469 1661 561
cargo_ship 0.9868 1032 485 1142 554
cargo_ship 0.9865 1464 522 1516 567
cargo_ship 0.9858 507 476 594 567
cargo_ship 0.9563 1649 503 1720 569
cargo_ship 0.7212 0 462 20 572
cargo_ship 0.1978 1583 474 1705 565
cargo_ship 0.0737 0 521 15 570
cargo_ship 0.0692 0 471 14 543
cargo_ship 0.0463 1035 497 1126 585
cargo_ship 0.0085 1541 414 1679 589
cargo_ship 0.0070 0 415 38 586
cargo_ship 0.0058 1913 529 1920 565
cargo_ship 0.0055 1014 421 1149 628
cargo_ship 0.0043 484 418 619 629
cargo_ship 0.0035 1657 529 1716 561
cargo_ship 0.0023 461 464 646 558
cargo_ship 0.0020 1651 443 1730 570
cargo_ship 0.0020 1913 483 1920 555
cargo_ship 0.0012 1904 436 1920 575
cargo_ship 0.0011 1582 491 1814 563
boat 0.9941 1036 531 1114 582
boat 0.0258 1043 535 1103 565
