passenger_ship 0.9359 1729 501 1817 565
passenger_ship 0.0026 1740 513 1804 554
passenger_ship 0.0022 1720 495 1883 561
cargo_ship 0.9993 319 510 412 556
cargo_ship 0.9838 696 473 845 556
cargo_ship 0.0049 694 420 859 580
cargo_ship 0.0025 0 510 7 558
cargo_ship 0.0023 0 530 6 561
cargo_ship 0.0011 332 529 400 555
special_ship 0.9883 51 529 76 560
special_ship 0.0118 45 520 79 567
special_ship 0.0010 1745 502 1861 563
boat 0.8929 1882 531 1920 550
boat 0.0077 1787 539 1827 559
boat 0.0037 1880 513 1920 554
boat 0.0035 1282 533 1316 554
