cargo_ship 0.9995 407 539 495 576
cargo_ship 0.9991 659 549 698 575
cargo_ship 0.9990 1435 553 1500 571
cargo_ship 0.9975 0 469 247 595
cargo_ship 0.9964 495 553 536 575
cargo_ship 0.9951 771 423 1284 595
cargo_ship 0.9944 1786 538 1853 571
cargo_ship 0.9653 117 495 164 550
cargo_ship 0.0760 108 502 202 555
cargo_ship 0.0192 1 484 28 578
cargo_ship 0.0179 1402 549 1438 570
cargo_ship 0.0162 0 489 12 545
cargo_ship 0.0145 1913 523 1920 571
cargo_ship 0.0106 0 475 8 538
cargo_ship 0.0080 3 394 175 609
cargo_ship 0.0075 0 449 17 562
cargo_ship 0.0049 0 554 12 595
cargo_ship 0.0031 2 397 62 606
cargo_ship 0.0028 3 512 22 554
cargo_ship 0.0028 229 362 1784 653
cargo_ship 0.0026 0 534 15 583
cargo_ship 0.0018 155 465 239 591
cargo_ship 0.0014 0 516 25 599
cargo_ship 0.0013 1258 557 1311 579
cargo_ship 0.0013 95 485 233 600
cargo_ship 0.0011 763 416 836 589
boat 0.9964 1558 554 1588 572
boat 0.9959 1294 552 1325 572
boat 0.0012 1285 541 1332 579
boat 0.0011 224 562 242 577
boat 0.0010 49 524 75 542
