cargo_ship 0.9991 1776 555 1807 580
cargo_ship 0.9988 1055 542 1185 580
cargo_ship 0.9987 1869 544 1910 579
cargo_ship 0.9982 1244 546 1370 580
cargo_ship 0.9965 0 412 863 607
cargo_ship 0.9963 844 546 985 581
cargo_ship 0.9759 1563 567 1601 581
cargo_ship 0.9559 1007 553 1049 582
cargo_ship 0.1338 0 366 1113 644
cargo_ship 0.0340 1905 557 1920 582
cargo_ship 0.0070 1770 548 1810 588
cargo_ship 0.0052 1846 541 1920 581
cargo_ship 0.0027 0 383 51 616
cargo_ship 0.0022 1886 534 1918 587
boat 0.9913 1598 566 1619 581
boat 0.8401 1587 567 1615 581
boat 0.0050 1092 565 1137 580
