cargo_ship 0.9974 96 562 270 685
cargo_ship 0.9963 738 614 849 676
cargo_ship 0.9891 980 526 1122 673
cargo_ship 0.9808 1466 527 1615 671
cargo_ship 0.8344 1354 538 1580 668
cargo_ship 0.0093 0 627 9 682
cargo_ship 0.0092 101 642 261 684
cargo_ship 0.0065 62 634 116 681
cargo_ship 0.0056 1365 570 1491 680
cargo_ship 0.0043 1909 641 1920 670
cargo_ship 0.0041 1911 615 1920 666
cargo_ship 0.0016 100 576 225 655
cargo_ship 0.0015 0 586 17 695
cargo_ship 0.0013 1377 528 1769 677
cargo_ship 0.0012 720 537 867 733
cargo_ship 0.0012 1913 579 1920 649
cargo_ship 0.0011 1904 545 1920 682
