cargo_ship 0.9989 1483 554 1613 615
cargo_ship 0.9980 289 500 523 582
cargo_ship 0.9961 1640 569 1821 623
cargo_ship 0.9949 3 500 158 568
cargo_ship 0.9931 931 473 1484 616
cargo_ship 0.9919 517 483 918 606
cargo_ship 0.9056 0 511 37 573
cargo_ship 0.0196 0 471 28 572
cargo_ship 0.0178 1913 577 1920 621
cargo_ship 0.0100 891 421 1515 687
cargo_ship 0.0042 0 435 166 614
cargo_ship 0.0039 287 444 526 607
cargo_ship 0.0021 475 394 960 715
cargo_ship 0.0021 0 518 56 566
cargo_ship 0.0020 1477 479 1631 678
cargo_ship 0.0019 1913 594 1920 628
cargo_ship 0.0015 1913 536 1920 612
cargo_ship 0.0014 0 495 21 548
cargo_ship 0.0013 1901 543 1919 630
cargo_ship 0.0013 1800 561 1920 617
cargo_ship 0.0013 442 411 1920 707
special_ship 0.0046 3 498 223 769
boat 0.9995 140 549 181 571
boat 0.0049 132 542 189 576
