cargo_ship 0.9996 911 435 974 453
cargo_ship 0.9995 594 427 635 454
cargo_ship 0.9992 1355 416 1405 450
cargo_ship 0.9991 670 435 724 453
cargo_ship 0.9990 29 415 125 457
cargo_ship 0.9982 387 398 583 450
cargo_ship 0.9575 1002 421 1047 452
cargo_ship 0.0798 181 427 230 454
cargo_ship 0.0290 977 419 1064 453
cargo_ship 0.0244 100 432 130 454
cargo_ship 0.0169 1913 404 1920 448
cargo_ship 0.0046 127 432 176 453
cargo_ship 0.0038 567 421 658 457
cargo_ship 0.0024 32 428 97 453
cargo_ship 0.0019 1903 327 1920 468
cargo_ship 0.0018 143 421 253 463
cargo_ship 0.0016 663 425 722 457
cargo_ship 0.0014 384 319 606 512
cargo_ship 0.0012 1912 361 1920 435
cargo_ship 0.0011 948 434 982 452
cargo_ship 0.0010 40 437 114 456
boat 0.9972 726 433 751 453
boat 0.9893 120 426 256 486
boat 0.9631 1012 438 1039 453
boat 0.1294 99 437 130 456
boat 0.0464 1016 433 1048 452
boat 0.0034 154 440 206 463
boat 0.0031 164 432 203 453
boat 0.0010 171 438 231 464
