cargo_ship 0.9996 682 542 724 571
cargo_ship 0.9995 1495 543 1539 568
cargo_ship 0.9983 1271 555 1323 569
cargo_ship 0.9975 581 518 638 574
cargo_ship 0.9956 468 556 501 573
cargo_ship 0.9947 705 416 1150 606
cargo_ship 0.9939 556 552 587 572
cargo_ship 0.9874 0 448 203 585
cargo_ship 0.9715 167 544 220 576
cargo_ship 0.1201 900 549 953 572
cargo_ship 0.0246 832 554 879 572
cargo_ship 0.0131 1913 527 1920 568
cargo_ship 0.0032 818 555 852 573
cargo_ship 0.0029 109 365 1711 652
cargo_ship 0.0026 1479 539 1567 572
cargo_ship 0.0022 7 392 149 565
cargo_ship 0.0018 666 538 750 575
cargo_ship 0.0016 0 332 57 558
cargo_ship 0.0013 1903 451 1920 587
cargo_ship 0.0012 1912 483 1920 556
cargo_ship 0.0011 0 408 23 520
boat 0.9879 1361 556 1385 569
boat 0.0026 852 556 885 570
boat 0.0019 833 561 872 575
