cargo_ship 0.9996 1160 349 1370 390
cargo_ship 0.9872 67 229 905 429
cargo_ship 0.9730 1624 276 1920 392
cargo_ship 0.0316 0 204 1158 469
cargo_ship 0.0156 1654 170 1919 404
cargo_ship 0.0099 45 288 105 439
cargo_ship 0.0053 1626 245 1697 390
cargo_ship 0.0028 1673 241 1842 391
cargo_ship 0.0014 1913 355 1920 388
cargo_ship 0.0013 1194 326 1344 400
cargo_ship 0.0011 1222 346 1299 394
cargo_ship 0.0010 53 294 165 435
special_ship 0.0010 1903 184 1920 371
boat 0.9992 1365 375 1494 422
boat 0.9978 1467 354 1489 383
boat 0.0573 1406 376 1452 394
boat 0.0343 1433 376 1466 390
boat 0.0057 1463 370 1487 388
boat 0.0047 1460 345 1494 391
boat 0.0033 1911 375 1920 392
boat 0.0018 5 561 25 589
