cargo_ship 0.9612 1 159 60 401
cargo_ship 0.8645 1808 48 1920 356
cargo_ship 0.7702 41 200 361 357
cargo_ship 0.7388 3 257 53 372
cargo_ship 0.0150 0 45 61 312
cargo_ship 0.0123 3 115 96 351
cargo_ship 0.0075 0 289 43 393
cargo_ship 0.0050 1801 229 1920 381
cargo_ship 0.0040 7 225 96 388
cargo_ship 0.0028 0 149 31 294
cargo_ship 0.0027 1831 30 1920 225
cargo_ship 0.0021 128 211 293 355
cargo_ship 0.0020 745 306 857 346
cargo_ship 0.0014 0 241 160 320
cargo_ship 0.0014 1771 174 1920 281
cargo_ship 0.0012 1802 296 1918 365
special_ship 0.0105 0 897 229 1072
special_ship 0.0037 0 969 25 1080
special_ship 0.0023 3 842 485 1061
special_ship 0.0016 3 931 135 1080
special_ship 0.0011 0 880 60 1080
special_ship 0.0010 0 1026 34 1080
